,Unnamed: 0.4,Unnamed: 0.3,Unnamed: 0.2,Unnamed: 0.1,Unnamed: 0,FILE_NAME,STATES,INPUTS,LSTAR_MQ_SYM,LSTAR_MQ_RST,LSTAR_EQ_SYM,LSTAR_EQ_RST,LSTAR_TOTAL_SYM,LSTAR_TOTAL_RST,LSTAR_EQs,LSTAR_MQs,CLSTAR_MQ_SYM,CLSTAR_MQ_RST,CLSTAR_EQ_SYM,CLSTAR_EQ_RST,CLSTAR_TOTAL_SYM,CLSTAR_TOTAL_RST,CLSTAR_EQs,CLSTAR_COMPONENTS,CLSTAR_ROUNDS,CLSTAR_MQs,CACHE
0,0.0,0.0,0.0,0.0,0.0,1,100,5,478152,8963,75757,501,553909,9464,2,11051,670851,7785,679743,4536,1350594,12321,33,3,5,14342,True
1,1.0,1.0,1.0,1.0,1.0,2,100,5,708982,10062,74153,501,783135,10563,2,12362,785421,8434,756693,5040,1542114,13474,32,3,5,14290,True
2,2.0,2.0,2.0,2.0,2.0,3,100,5,450156,8022,74823,501,524979,8523,2,9910,497643,7149,682293,4538,1179936,11687,34,3,5,13602,True
3,3.0,3.0,3.0,3.0,3.0,4,125,5,526237,9854,74849,501,601086,10355,2,12333,735536,9432,680792,4540,1416328,13972,32,3,5,15111,True
4,4.0,4.0,4.0,4.0,4.0,5,125,5,921079,11900,74658,501,995737,12401,2,14702,887822,10389,681141,4538,1568963,14927,32,3,5,16562,True
5,5.0,5.0,5.0,5.0,5.0,6,125,5,1282047,13835,74770,501,1356817,14336,2,17023,816347,9914,609173,4040,1425520,13954,31,3,5,15308,True
6,6.0,6.0,6.0,6.0,6.0,7,100,5,846158,9090,75359,501,921517,9591,2,11109,659748,8386,607291,4039,1267039,12425,30,3,5,13247,True
7,7.0,7.0,7.0,7.0,7.0,8,100,5,605459,8142,75260,501,680719,8643,2,9965,605591,7141,682042,4534,1287633,11675,30,3,5,11273,True
8,8.0,8.0,8.0,8.0,8.0,9,100,5,419911,6584,75269,501,495180,7085,2,8059,941819,10343,681302,4539,1623121,14882,32,3,5,16475,True
9,9.0,9.0,9.0,9.0,9.0,10,100,5,1058813,11972,74354,501,1133167,12473,2,14767,850673,10395,756858,5034,1607531,15429,32,3,5,17059,True
10,10.0,10.0,10.0,10.0,10.0,11,100,5,898881,11480,75079,501,973960,11981,2,14117,999154,11479,682326,4544,1681480,16023,32,3,5,18098,True
11,11.0,11.0,11.0,11.0,11.0,12,100,5,423907,8664,74818,501,498725,9165,2,10672,881430,10941,601784,4035,1483214,14976,30,3,5,16562,True
12,12.0,12.0,12.0,12.0,12.0,13,125,5,392395,7750,75870,501,468265,8251,2,9470,734302,8953,756948,5038,1491250,13991,37,3,5,16778,True
13,13.0,13.0,13.0,13.0,13.0,14,125,5,568248,8853,73939,501,642187,9354,2,10871,741165,9189,758787,5032,1499952,14221,36,3,5,16557,True
14,14.0,14.0,14.0,14.0,14.0,15,125,5,520310,8200,76503,501,596813,8701,2,10020,721065,8848,753705,5034,1474770,13882,36,3,5,15567,True
15,15.0,15.0,15.0,15.0,15.0,16,100,5,844042,9690,75230,501,919272,10191,2,11891,916721,10583,608585,4034,1525306,14617,30,3,5,15899,True
16,16.0,16.0,16.0,16.0,16.0,17,100,5,593617,8686,75062,501,668679,9187,2,10691,799795,8786,532485,3534,1332280,12320,25,3,4,13442,True
17,17.0,17.0,17.0,17.0,17.0,18,100,5,432868,7903,75522,501,508390,8404,2,9731,671778,8699,754367,5041,1426145,13740,32,3,5,14048,True
18,18.0,18.0,18.0,18.0,18.0,19,125,5,672141,10643,74354,501,746495,11144,2,13091,767349,9221,756600,5046,1523949,14267,34,3,5,15433,True
19,19.0,19.0,19.0,19.0,19.0,20,125,5,629467,9451,74975,501,704442,9952,2,11615,706271,9435,679381,4539,1385652,13974,36,3,5,16090,True
20,20.0,20.0,20.0,20.0,20.0,21,125,5,680444,9417,74969,501,755413,9918,2,11560,781769,9342,759852,5052,1541621,14394,35,3,5,16280,True
21,21.0,21.0,21.0,21.0,21.0,22,100,5,451359,8503,73227,501,524586,9004,2,10451,822068,9866,681484,4535,1503552,14401,32,3,5,15894,True
22,22.0,22.0,22.0,22.0,22.0,23,100,5,866670,11008,76122,501,942792,11509,2,13511,753619,9432,685227,4534,1438846,13966,32,3,5,15143,True
23,23.0,23.0,23.0,23.0,23.0,24,100,5,587445,9584,74900,501,662345,10085,2,11771,614056,8458,680210,4534,1294266,12992,33,3,5,14244,True
24,24.0,24.0,24.0,24.0,24.0,25,125,5,1115684,19681,76146,510,1191830,20191,3,24452,799509,9818,758029,5053,1557538,14871,32,3,5,16050,True
25,25.0,25.0,25.0,25.0,25.0,26,125,5,2757219,34189,79226,525,2836445,34714,4,42853,753741,9490,756455,5037,1510196,14527,32,3,5,15569,True
26,26.0,26.0,26.0,26.0,26.0,27,125,5,1820239,28853,78252,512,1898491,29365,4,36133,888753,10352,756534,5040,1645287,15392,33,3,5,16904,True
27,27.0,27.0,27.0,27.0,27.0,28,100,5,463933,8722,74270,501,538203,9223,2,10751,688997,8675,678688,4536,1367685,13211,34,3,5,15848,True
28,28.0,28.0,28.0,28.0,28.0,29,100,5,834807,11094,74466,501,909273,11595,2,13631,879426,11023,759160,5037,1638586,16060,35,3,5,18484,True
29,29.0,29.0,29.0,29.0,29.0,30,100,5,979263,16424,73448,502,1052711,16926,3,20162,704597,7831,754607,5040,1459204,12871,32,3,5,13270,True
30,30.0,30.0,30.0,30.0,30.0,31,210,8,1607190,32925,73981,501,1681171,33426,2,37519,2319671,28367,1884196,12565,4203867,40932,76,4,9,41451,True
31,31.0,31.0,31.0,31.0,31.0,32,210,8,1598637,32901,76118,501,1674755,33402,2,37391,3048835,35710,1812004,12071,4860839,47781,80,4,9,52535,True
32,32.0,32.0,32.0,32.0,32.0,33,210,8,1489204,32063,74866,501,1564070,32564,2,36495,2891795,34330,2046006,13580,4937801,47910,82,4,9,51945,True
33,33.0,33.0,33.0,33.0,33.0,34,192,8,1768518,29843,75114,501,1843632,30344,2,33854,2229291,28889,1891124,12570,4120415,41459,91,4,9,47049,True
34,34.0,34.0,34.0,34.0,34.0,35,192,8,1627190,28952,73961,501,1701151,29453,2,32774,2628186,31831,1889684,12569,4517870,44400,94,4,9,51332,True
35,35.0,35.0,35.0,35.0,35.0,36,192,8,2452864,31072,75267,501,2528131,31573,2,35174,2328290,28051,1735292,11572,4063582,39623,84,4,8,45365,True
36,36.0,36.0,36.0,36.0,36.0,37,200,8,1331396,31304,74554,501,1405950,31805,2,35512,1422527,19603,1817831,12070,3240358,31673,75,4,9,31464,True
37,37.0,37.0,37.0,37.0,37.0,38,200,8,1431961,33139,75780,501,1507741,33640,2,37688,2758615,32557,1807790,12067,4566405,44624,79,4,9,48081,True
38,38.0,38.0,38.0,38.0,38.0,39,200,8,2093491,31864,75869,501,2169360,32365,2,36239,1923824,23392,1891528,12587,3815352,35979,79,4,9,37970,True
39,39.0,39.0,39.0,39.0,39.0,40,120,8,907710,17099,74758,501,982468,17600,2,19356,1463375,17598,1585499,10561,3048874,28159,63,4,8,26560,True
40,40.0,40.0,40.0,40.0,40.0,41,120,8,1178814,18471,76092,501,1254906,18972,2,20916,1391456,17367,1962005,13059,3353461,30426,70,4,9,26769,True
41,41.0,41.0,41.0,41.0,41.0,42,120,8,866903,15457,75716,501,942619,15958,2,17484,1532520,18561,2035807,13563,3568327,32124,68,4,9,27812,True
42,42.0,42.0,42.0,42.0,42.0,43,152,8,937246,14369,75479,501,1012725,14870,2,16235,788473,10810,1661364,11060,2449837,21870,60,4,8,15931,True
43,43.0,43.0,43.0,43.0,43.0,44,152,8,481204,10628,76026,501,557230,11129,2,12011,1012292,12737,1884931,12555,2897223,25292,65,4,9,18955,True
44,44.0,44.0,44.0,44.0,44.0,45,152,8,1077966,15379,75981,501,1153947,15880,2,17387,903441,11672,1805582,12062,2709023,23734,69,4,9,17881,True
45,45.0,45.0,45.0,45.0,45.0,46,120,8,1842074,23429,75022,501,1917096,23930,2,26557,2050795,25719,1734630,11571,3785425,37290,65,4,8,37646,True
46,46.0,46.0,46.0,46.0,46.0,47,120,8,1328766,20956,75062,501,1403828,21457,2,23757,2034312,24499,1963131,13077,3997443,37576,81,4,9,38666,True
47,47.0,47.0,47.0,47.0,47.0,48,120,8,1660031,22546,75488,501,1735519,23047,2,25549,1944375,25687,1589053,10572,3533428,36259,67,4,8,36661,True
48,48.0,48.0,48.0,48.0,48.0,49,250,8,2540009,39111,74664,501,2614673,39612,2,44431,2194351,25678,1511590,10075,3705941,35753,67,4,8,40066,True
49,49.0,49.0,49.0,49.0,49.0,50,250,8,3858405,55396,75030,502,3933435,55898,3,63247,1233833,16094,1208409,8047,2442242,24141,59,4,7,25936,True
50,50.0,50.0,50.0,50.0,50.0,51,250,8,2953331,40722,76137,501,3029468,41223,2,46351,1736706,23023,1884885,12560,3621591,35583,80,4,9,36844,True
51,51.0,51.0,51.0,51.0,51.0,52,108,8,1774466,22486,75547,501,1850013,22987,2,25437,2413406,29688,1888914,12576,4302320,42264,87,4,9,46810,True
52,52.0,52.0,52.0,52.0,52.0,53,108,8,1905803,23377,74042,501,1979845,23878,2,26445,2112365,26846,2043474,13588,4155839,40434,89,4,9,42455,True
53,53.0,53.0,53.0,53.0,53.0,54,108,8,1979126,24268,75233,501,2054359,24769,2,27453,2789712,32554,1665795,11076,4455507,43630,89,4,9,51173,True
54,54.0,54.0,54.0,54.0,54.0,55,250,8,1523531,33435,74975,501,1598506,33936,2,38031,1987360,25029,1884142,12572,3871502,37601,80,4,9,39490,True
55,55.0,55.0,55.0,55.0,55.0,56,250,8,3051750,50477,76725,504,3128475,50981,3,57359,1852473,23267,1966641,13097,3819114,36364,82,4,9,38569,True
56,56.0,56.0,56.0,56.0,56.0,57,250,8,2502487,44650,74389,502,2576876,45152,3,50575,2891193,32663,1739472,11567,4630665,44230,79,4,9,50646,True
57,57.0,57.0,57.0,57.0,57.0,58,375,8,3374845,52220,74834,501,3449679,52721,2,59992,2381175,31012,2039337,13586,4420512,44598,83,4,9,47057,True
58,58.0,58.0,58.0,58.0,58.0,59,375,8,3416366,54641,74946,501,3491312,55142,2,62440,2500176,32656,1740744,11581,4240920,44237,79,4,9,47841,True
59,59.0,59.0,59.0,59.0,59.0,60,375,8,3790056,53610,75835,501,3865891,54111,2,61352,2213538,31120,1739259,11575,3952797,42695,77,4,9,45514,True
60,60.0,60.0,60.0,60.0,,61,288,11,3793917,76334,76057,501,3869974,76835,2,83573,3643138,46608,2940783,19600,6583921,66208,123,5,12,64028,True
61,61.0,61.0,61.0,61.0,,62,288,11,1743554,63730,76008,501,1819562,64231,2,69767,3631762,46964,3770555,25111,7402317,72075,135,5,13,67038,True
62,62.0,62.0,62.0,62.0,,63,288,11,2175204,65578,74795,501,2249999,66079,2,71891,4456758,52018,3771041,25107,8227799,77125,137,5,13,74230,True
63,63.0,63.0,63.0,63.0,,64,240,11,1642276,49315,75357,501,1717633,49816,2,54059,3689990,46630,3089619,20592,6779609,67222,122,5,13,62840,True
64,64.0,64.0,64.0,64.0,,65,240,11,4010093,57894,74278,501,4084371,58395,2,63409,3629556,42221,3085595,20586,6715151,62807,117,5,12,58657,True
65,65.0,65.0,65.0,65.0,,66,240,11,4097524,57368,75037,501,4172561,57869,2,62981,3663502,43422,2948653,19590,6612155,63012,114,5,12,58737,True
66,66.0,66.0,66.0,66.0,,67,1194,11,8172669,275545,76081,501,8248750,276046,2,303489,5057018,64302,3544049,23598,8601067,87900,146,5,13,93673,True
67,67.0,67.0,67.0,67.0,,68,1194,11,15154676,279428,75857,501,15230533,279929,2,307361,5807190,69196,3320992,22104,9128182,91300,129,5,12,97842,True
68,68.0,68.0,68.0,68.0,,69,1194,11,13645577,267058,74969,501,13720546,267559,2,293159,5886867,70086,3695943,24615,9582810,94701,149,5,13,103325,True
69,69.0,69.0,69.0,69.0,,70,480,11,4896963,101127,74678,501,4971641,101628,2,110897,4644920,58382,3172089,21107,7817009,79489,125,5,12,81159,True
70,70.0,70.0,70.0,70.0,,71,480,11,3801656,104007,75735,501,3877391,104508,2,113923,3599804,46310,3092815,20593,6692619,66903,120,5,11,66122,True
71,71.0,71.0,71.0,71.0,,72,480,11,5051610,102895,75768,501,5127378,103396,2,112679,3489971,44619,3469680,23096,6959651,67715,132,5,12,64385,True
72,72.0,72.0,72.0,72.0,,73,480,11,4430949,107581,75400,501,4506349,108082,2,118103,3511094,42395,3841838,25597,7352932,67992,139,5,13,62491,True
73,73.0,73.0,73.0,73.0,,74,480,11,5453531,132625,75965,505,5529496,133130,3,146109,4138353,51784,3755296,25100,7893649,76884,132,5,13,73960,True
74,74.0,74.0,74.0,74.0,,75,480,11,3002223,104686,75545,501,3077768,105187,2,114550,3689097,44470,3087417,20583,6776514,65053,121,5,12,63505,True
75,75.0,75.0,75.0,75.0,,76,900,11,10842951,200824,75697,501,10918648,201325,2,221087,5488402,68373,3772896,25116,9261298,93489,155,5,13,101708,True
76,76.0,76.0,76.0,76.0,,77,900,11,8362018,196232,75506,501,8437524,196733,2,215543,5940740,70117,3614101,24104,9554841,94221,160,5,13,103630,True
77,77.0,77.0,77.0,77.0,,78,900,11,11016057,192418,74081,501,11090138,192919,2,211439,6101220,71729,3539499,23609,9640719,95338,155,5,13,106618,True
78,78.0,78.0,78.0,78.0,,79,360,11,2308158,72055,74882,501,2383040,72556,2,78821,4567001,53497,3618504,24107,8185505,77604,136,5,13,75847,True
79,79.0,79.0,79.0,79.0,,80,360,11,3836347,78028,75078,501,3911425,78529,2,85355,4258150,53624,3462117,23111,7720267,76735,127,5,12,75051,True
80,80.0,80.0,80.0,80.0,,81,360,11,2897569,75488,76523,501,2974092,75989,2,82781,5039056,63961,3159754,21107,8198810,85068,148,5,13,92053,True
81,81.0,81.0,81.0,81.0,,82,400,11,4152901,88790,75087,502,4227988,89292,3,97631,4707934,53926,3542595,23598,8250529,77524,136,5,13,78409,True
82,82.0,82.0,82.0,82.0,,83,400,11,4499687,87928,74247,502,4573934,88430,3,96443,4373734,51692,2939981,19594,7313715,71286,121,5,12,72768,True
83,83.0,83.0,83.0,83.0,,84,400,11,10386717,117199,75285,502,10462002,117701,3,128553,3316613,42285,3320996,22104,6637609,64389,129,5,12,65005,True
84,84.0,84.0,84.0,84.0,,85,750,11,7391329,159464,76259,501,7467588,159965,2,174699,6794071,78567,3096490,20600,9890561,99167,142,5,13,111329,True
85,85.0,85.0,85.0,85.0,,86,750,11,9290256,194877,74748,502,9365004,195379,3,214299,4319900,56340,3233747,21601,7553647,77941,138,5,13,80819,True
86,86.0,86.0,86.0,86.0,,87,750,11,11375425,206576,75614,502,11451039,207078,3,227324,5284241,65673,3394572,22601,8678813,88274,137,5,12,94219,True
87,87.0,87.0,87.0,87.0,,88,180,11,1804192,29189,74555,501,1878747,29690,2,31891,471284,6260,3613122,24078,4084406,30338,107,5,13,9694,True
88,88.0,88.0,88.0,88.0,,89,180,11,1562562,27212,74254,501,1636816,27713,2,29735,1194198,14657,3839315,25577,5033513,40234,111,5,13,21562,True
89,89.0,89.0,89.0,89.0,,90,180,11,876816,22842,75608,501,952424,23343,2,24961,917606,12612,3836157,25572,4753763,38184,113,5,13,19727,True
90,90.0,90.0,90.0,,,91,1600,15,37193321,578056,74735,501,37268056,578557,2,621024,8626076,105849,6998645,46660,15624721,152509,262,6,19,151934,True
91,91.0,91.0,91.0,,,92,1600,15,20923142,606743,75600,503,20998742,607246,3,652149,7855591,95621,6395214,42645,14250805,138266,251,6,19,137741,True
92,92.0,92.0,92.0,,,93,1600,15,31516692,599270,76522,501,31593214,599771,2,643915,6742023,87186,5572809,37128,12314832,124314,210,6,17,121180,True
93,93.0,93.0,93.0,,,94,1600,15,32593105,570219,76032,501,32669137,570720,2,612024,8861758,109297,5572670,37143,14434428,146440,228,6,18,152983,True
94,94.0,94.0,94.0,,,95,1600,15,47951319,585131,75326,501,48026645,585632,2,626649,9001103,107655,5583417,37175,14584520,144830,231,6,17,154019,True
95,95.0,95.0,95.0,,,96,1600,15,52664499,587812,76019,501,52740518,588313,2,632274,7924621,98405,4832461,32151,12757082,130556,224,6,17,139231,True
96,96.0,96.0,96.0,,,97,1800,15,23542797,643609,75339,501,23618136,644110,2,690399,10524403,128642,6475259,43162,16999662,171804,256,6,19,178427,True
97,97.0,97.0,97.0,,,98,1800,15,17753911,717925,75548,502,17829459,718427,3,769885,11632293,142722,6178350,41174,17810643,183896,263,6,19,196282,True
98,98.0,98.0,98.0,,,99,1800,15,30639168,648123,75672,501,30714840,648624,2,693399,11625362,139643,6701631,44669,18326993,184312,270,6,19,199266,True
99,99.0,99.0,99.0,,,100,1200,15,19774993,419885,74024,501,19849017,420386,2,450743,7768356,93246,6919312,46146,14687668,139392,227,6,19,128510,True
100,100.0,100.0,100.0,,,101,1200,15,17456385,420306,74291,501,17530676,420807,2,450743,8189183,100068,6486114,43151,14675297,143219,231,6,18,142885,True
101,101.0,101.0,101.0,,,102,1200,15,17626811,421218,75420,501,17702231,421719,2,451103,7094194,93357,6630438,44148,13724632,137505,235,6,19,134551,True
102,102.0,102.0,102.0,,,103,810,15,16212019,283785,73416,501,16285435,284286,2,303277,10034432,126643,6482488,43155,16516920,169798,240,6,18,172003,True
103,103.0,103.0,103.0,,,104,810,15,11074396,275218,75150,501,11149546,275719,2,293962,8726378,108700,6474506,43147,15200884,151847,242,6,18,153642,True
104,104.0,104.0,104.0,,,105,810,15,13246507,282970,74638,501,13321145,283471,2,302242,11172961,137023,6099087,40666,17272048,177689,246,6,18,186581,True
105,105.0,105.0,105.0,,,106,2000,15,24535530,816839,75410,502,24610940,817341,3,878471,11518757,140625,7002831,46662,18521588,187287,254,6,19,198699,True
106,106.0,106.0,106.0,,,107,2000,15,27230681,739973,74997,501,27305678,740474,2,795625,11061356,140287,5941379,39644,17002735,179931,233,6,19,186374,True
107,107.0,107.0,107.0,,,108,2000,15,38939105,810012,73958,502,39013063,810514,3,869335,10157440,125769,6987209,46644,17144649,172413,249,6,19,175922,True
108,108.0,108.0,108.0,,,109,1080,15,16169654,452532,77086,502,16246740,453034,3,485303,8053056,94315,6325475,42135,14378531,136450,235,6,18,133261,True
109,109.0,109.0,109.0,,,110,1080,15,13981727,375822,75701,501,14057428,376323,2,401947,7314380,93414,5943624,39645,13258004,133059,245,6,18,135522,True
110,110.0,110.0,110.0,,,111,1080,15,11777936,400290,75823,501,11853759,400791,2,429774,9222190,111683,6770221,45152,15992411,156835,255,6,19,157775,True
111,111.0,111.0,111.0,,,112,864,15,13119593,292983,75306,501,13194899,293484,2,312937,9412101,115566,6554362,43651,15966463,159217,260,6,18,162389,True
112,112.0,112.0,112.0,,,113,864,15,9699874,296344,74817,501,9774691,296845,2,317077,8532340,109454,5805217,38680,14337557,148134,245,6,17,157155,True
113,113.0,113.0,113.0,,,114,864,15,11518103,299766,75775,501,11593878,300267,2,320182,8984274,112535,5869621,39156,14853895,151691,260,6,19,159546,True
114,114.0,114.0,114.0,,,115,3000,15,61629161,1074866,74744,501,61703905,1075367,2,1151274,9852019,120493,7002716,46660,16854735,167153,247,6,19,165561,True
115,115.0,115.0,115.0,,,116,3000,15,41134046,1165241,75613,504,41209659,1165745,3,1245685,9325634,117547,5956736,39664,15282370,157211,248,6,19,163212,True
116,116.0,116.0,116.0,,,117,3000,15,38405222,1146889,75499,502,38480721,1147391,3,1228135,10263437,126464,6483879,43154,16747316,169618,241,6,18,176062,True
117,117.0,117.0,117.0,,,118,900,15,13631065,300499,74676,501,13705741,301000,2,321111,7388409,87348,6486032,43186,13874441,130534,232,6,19,125599,True
118,118.0,118.0,118.0,,,119,900,15,16052790,300987,75229,501,16128019,301488,2,321441,7559684,94775,6326385,42174,13886069,136949,234,6,19,131574,True
119,119.0,119.0,119.0,,,120,900,15,10534641,292159,74907,501,10609548,292660,2,312201,8387992,104287,6999831,46662,15387823,150949,248,6,19,146590,True
120,120.0,120.0,,,,121,6480,19,136828290,3555488,74247,502,136902537,3555990,3,3758039,24426111,294622,8813112,58743,33239223,353365,393,7,23,395455,True
121,121.0,121.0,,,,122,6480,19,275583371,3526750,75224,501,275658595,3527251,2,3722129,22255427,280059,10101268,67261,32356695,347320,428,7,24,379446,True
122,122.0,122.0,,,,123,6480,19,161125232,3393223,75094,501,161200326,3393724,2,3587038,23531557,290793,9416802,62747,32948359,353540,425,7,25,385945,True
123,123.0,123.0,,,,124,2880,19,61027824,1438624,75020,501,61102844,1439125,2,1515428,14156840,178677,10017571,66684,24174411,245361,344,7,24,236383,True
124,124.0,124.0,,,,125,2880,19,52183173,1442288,75846,501,52259019,1442789,2,1520045,14989702,189998,9164920,61208,24154622,251206,373,7,25,254532,True
125,125.0,125.0,,,,126,2880,19,41889679,1506317,74172,502,41963851,1506819,3,1586735,13724414,172314,10226737,68181,23951151,240495,350,7,24,226668,True
126,126.0,126.0,,,,127,3600,19,47313937,1905560,74845,502,47388782,1906062,3,2010455,17139025,212986,10229839,68183,27368864,281169,381,7,25,286101,True
127,127.0,127.0,,,,128,3600,19,46011199,1901832,74425,501,46085624,1902333,2,2007872,16487969,208226,9942504,66222,26430473,274448,401,7,25,283178,True
128,128.0,128.0,,,,129,3600,19,45133396,1909482,74980,501,45208376,1909983,2,2015035,15203612,191446,10394181,69279,25597793,260725,368,7,24,262560,True
129,129.0,129.0,,,,130,3072,19,52082694,1583136,73743,501,52156437,1583637,2,1671039,13988393,178564,9925120,66204,23913513,244768,397,7,24,255093,True
130,130.0,130.0,,,,131,3072,19,78575129,1578150,75952,501,78651081,1578651,2,1666251,16672369,203565,10162739,67709,26835108,271274,415,7,25,285723,True
131,131.0,131.0,,,,132,3072,19,24632291,1525030,75091,501,24707382,1525531,2,1607255,16835039,208949,10015717,66764,26850756,275713,404,7,25,288306,True
132,132.0,132.0,,,,133,3240,19,24508883,1083721,76330,501,24585213,1084222,2,1142477,15666823,202266,9599472,63929,25266295,266195,381,7,24,274638,True
133,133.0,133.0,,,,134,3240,19,32324999,1091601,75193,501,32400192,1092102,2,1151198,13918704,179612,9111559,60705,23030263,240317,363,7,23,241845,True
134,134.0,134.0,,,,135,3240,19,31586065,1078306,76199,501,31662264,1078807,2,1137347,13227692,168350,10091053,67276,23318745,235626,386,7,24,231955,True
135,135.0,135.0,,,,136,7680,19,148799129,4530292,76105,504,148875234,4530796,3,4783775,17797520,227353,11152345,74229,28949865,301582,428,7,25,311067,True
136,136.0,136.0,,,,137,7680,19,177696511,4523275,76022,506,177772533,4523781,3,4773439,17396820,228520,9260645,61735,26657465,290255,397,7,24,309352,True
137,137.0,137.0,,,,138,7680,19,174885961,4407271,75826,502,174961787,4407773,3,4655486,19616011,236932,10095343,67230,29711354,304162,406,7,24,326021,True
138,138.0,138.0,,,,139,20000,19,733106378,12231668,74884,501,733181262,12232169,2,12951687,21716754,269050,9795398,65240,31512152,334290,411,7,25,373470,True
139,139.0,139.0,,,,140,20000,19,503082214,12259770,74759,502,503156973,12260272,3,13024039,23319189,281485,9938249,66266,33257438,347751,407,7,24,386063,True
140,140.0,140.0,,,,141,20000,19,619027672,12182897,75199,501,619102871,12183398,2,12947811,21126787,260392,10243540,68231,31370327,328623,414,7,24,360771,True
141,141.0,141.0,,,,142,20000,19,399146702,11493465,75057,501,399221759,11493966,2,12174015,20918319,262330,10302159,68713,31220478,331043,391,7,24,357006,True
142,142.0,142.0,,,,143,20000,19,455366527,11926668,75956,503,455442483,11927171,3,12630947,19811899,251199,8591965,57217,28403864,308416,367,7,24,336947,True
143,143.0,143.0,,,,144,20000,19,529466404,11963386,75465,502,529541869,11963888,3,12643487,20148198,253580,10173790,67745,30321988,321325,391,7,24,345624,True
144,144.0,144.0,,,,145,4800,19,37501381,1953350,74393,501,37575774,1953851,2,2059399,16107025,197911,9851277,65691,25958302,263602,371,7,25,262570,True
145,145.0,145.0,,,,146,4800,19,42111546,1957912,74395,501,42185941,1958413,2,2062591,18063477,215070,10614326,70714,28677803,285784,390,7,25,293490,True
146,146.0,146.0,,,,147,4800,19,64838569,2073659,75847,503,64914416,2074162,3,2192457,18401844,222671,10171657,67716,28573501,290387,391,7,25,299947,True
147,147.0,,,,,148,9600,19,187827118,2612566,75740,501,187902858,2613067,2,2762819,15268731,200945,8659093,57689,23927824,258634,366,7,25,268005,True
148,148.0,,,,,149,9600,19,141630332,2615893,75832,501,141706164,2616394,2,2762819,17222900,217621,8959227,59715,26182127,277336,378,7,23,291328,True
149,149.0,,,,,150,9600,19,183872726,2610726,76099,501,183948825,2611227,2,2764529,14545293,178480,8578311,57185,23123604,235665,362,7,24,238818,True
150,150.0,,,,,151,7600,19,86479505,4240865,75549,501,86555054,4241366,2,4489977,16286292,202780,10151774,67718,26438066,270498,392,7,25,283290,True
151,151.0,,,,,152,7600,19,157883074,4270893,74895,501,157957969,4271394,2,4507058,16754985,212023,10152397,67730,26907382,279753,379,7,25,286261,True
152,152.0,,,,,153,7600,19,213893551,4367393,75959,503,213969510,4367896,3,4611900,19502713,239954,10768882,71738,30271595,311692,413,7,25,331483,True
153,153.0,,,,,154,15000,19,265101553,9245329,73280,502,265174833,9245831,3,9776597,19516579,238266,10307286,68743,29823865,307009,430,7,25,337010,True
154,154.0,,,,,155,15000,19,332790364,8993911,75443,502,332865807,8994413,3,9506606,18707223,235637,10306734,68745,29013957,304382,417,7,25,326902,True
155,155.0,,,,,156,15000,19,405799772,8726014,75523,503,405875295,8726517,3,9223999,20823133,263450,10159940,67739,30983073,331189,426,7,25,360288,True
156,156.0,,,,,157,9600,19,215853669,4208746,75917,504,215929586,4209250,3,4451199,19757484,238362,10748106,71728,30505590,310090,416,7,25,330847,True
157,157.0,,,,,158,9600,19,201028026,4256983,75387,503,201103413,4257486,3,4494367,16724923,213844,7970917,53190,24695840,267034,340,7,21,279953,True
158,158.0,,,,,159,9600,19,228609652,4222224,75471,502,228685123,4222726,3,4466399,21424361,260428,9330224,62224,30754585,322652,402,7,24,350816,True
159,159.0,,,,,160,8000,19,191198704,4488398,74474,501,191273178,4488899,2,4732645,20247273,251918,10174431,67722,30421704,319640,404,7,25,338494,True
160,160.0,,,,,161,8000,19,147501926,4559261,74649,503,147576575,4559764,3,4808626,17677194,218846,10231493,68213,27908687,287059,397,7,25,300183,True
161,161.0,,,,,162,8000,19,214816195,4491595,73990,501,214890185,4492096,2,4740302,19355564,244222,10085207,67231,29440771,311453,411,7,25,326592,True
162,162.0,,,,,163,7680,19,223019815,4243514,74514,503,223094329,4244017,3,4483649,17531479,217846,9785831,65223,27317310,283069,376,7,25,291019,True
163,163.0,,,,,164,7680,19,187541388,4358886,75530,504,187616918,4359390,3,4607188,20923190,252884,10409710,69293,31332900,322177,413,7,25,349353,True
164,164.0,,,,,165,7680,19,274132133,4370722,75025,502,274207158,4371224,3,4614256,18115053,224934,9751835,64873,27866888,289807,418,7,25,302435,True
165,165.0,,,,,166,8100,19,197294268,4439965,75543,502,197369811,4440467,3,4688849,20597073,253131,9496862,63245,30093935,316376,398,7,23,344390,True
166,166.0,,,,,167,8100,19,237933550,4433528,75419,502,238008969,4434030,3,4681439,23286049,282180,10168157,67748,33454206,349928,426,7,25,379601,True
167,167.0,,,,,168,8100,19,230836545,4490913,76030,502,230912575,4491415,3,4743569,23799917,290551,9040111,60243,32840028,350794,422,7,24,387617,True
168,168.0,,,,,169,9600,19,67160893,2631458,76042,501,67236935,2631959,2,2778209,16668111,201719,10073184,67202,26741295,268921,380,7,24,272321,True
169,169.0,,,,,170,9600,19,77729891,2613137,75275,502,77805166,2613639,3,2759987,17958906,217523,10224632,68255,28183538,285778,396,7,25,294430,True
170,170.0,,,,,171,9600,19,86592420,2693368,76112,502,86668532,2693870,3,2848319,16000561,200168,10078854,67206,26079415,267374,378,7,24,270863,True
171,171.0,,,,,172,12000,19,358648130,6994068,76864,506,358724994,6994574,3,7398783,21786024,270777,10079275,67216,31865299,337993,422,7,25,368360,True
172,172.0,,,,,173,12000,19,362652567,7211282,74486,502,362727053,7211784,3,7626233,19786370,247595,10020760,66766,29807130,314361,437,7,25,347300,True
173,173.0,,,,,174,12000,19,358569408,6958341,75066,502,358644474,6958843,3,7359263,21691914,265169,10257782,68238,31949696,333407,421,7,24,365987,True
174,174.0,,,,,175,15000,19,363166199,8967407,74064,502,363240263,8967909,3,9494693,21321780,258562,8816122,58716,30137902,317278,384,7,24,340870,True
175,175.0,,,,,176,15000,19,475902067,8673204,74193,502,475976260,8673706,3,9182655,22100053,267798,8744887,58230,30844940,326028,383,7,24,353159,True
176,176.0,,,,,177,15000,19,352256652,8685781,75600,502,352332252,8686283,3,9208191,21695805,264382,8358837,55721,30054642,320103,388,7,24,348495,True
177,177.0,,,,,178,10800,19,254444611,6049244,75473,501,254520084,6049745,2,6381845,26043869,309485,10694010,71350,36737879,380835,457,7,25,426230,True
178,178.0,,,,,179,10800,19,196909953,5943365,75828,502,196985781,5943867,3,6272879,22945425,287485,10103123,67281,33048548,354766,451,7,25,388545,True
179,179.0,,,,,180,10800,19,306533119,6307706,75511,505,306608630,6308211,3,6667967,25233667,311092,9890275,65853,35123942,376945,441,7,24,422210,True
180,180.0,,,,,181,13500,19,329830706,7583246,76051,508,329906757,7583754,3,8032223,24025632,299015,9173240,61229,33198872,360244,394,7,24,395093,True
181,181.0,,,,,182,13500,19,395739297,7643239,76400,502,395815697,7643741,3,8076398,22963133,272188,9034136,60228,31997269,332416,374,7,22,364473,True
182,182.0,,,,,183,13500,19,359907644,7882999,75350,502,359982994,7883501,3,8325375,23639432,290232,8664197,57736,32303629,347968,383,7,24,382972,True
183,183.0,,,,,184,9600,19,231684669,5461111,75793,504,231760462,5461615,3,5778120,20241971,251523,9476074,63231,29718045,314754,433,7,25,350533,True
184,184.0,,,,,185,9600,19,292500685,5652045,75884,503,292576569,5652548,3,5970591,21215337,256856,10242168,68215,31457505,325071,403,7,25,353006,True
185,185.0,,,,,186,9600,19,266972011,5468484,75948,504,267047959,5468988,3,5765751,20346136,250367,10555382,70248,30901518,320615,458,7,25,355064,True
186,186.0,,,,,187,20000,19,507301415,12632241,74560,503,507375975,12632744,3,13389144,19701861,246415,9710051,64769,29411912,311184,379,7,23,342416,True
187,187.0,,,,,188,20000,19,539389002,11908008,75645,503,539464647,11908511,3,12604613,20514582,256227,10835218,72243,31349800,328470,430,7,25,363170,True
188,188.0,,,,,189,20000,19,828857198,12634763,75535,503,828932733,12635266,3,13393799,21426141,260741,10461810,69730,31887951,330471,415,7,25,365594,True
189,189.0,,,,,190,12000,19,247984587,7332102,76066,501,248060653,7332603,2,7771413,19191620,244438,10258431,68270,29450051,312708,397,7,24,332986,True
190,190.0,,,,,191,12000,19,199107871,7207091,75107,502,199182978,7207593,3,7621844,21168623,262778,9573120,63735,30741743,326513,387,7,23,357425,True
191,191.0,,,,,192,12000,19,524119090,7449133,76860,506,524195950,7449639,3,7892861,22458817,277104,10042498,66913,32501315,344017,417,7,24,376627,True
192,192.0,,,,,193,12800,19,291901360,5915463,74404,501,291975764,5915964,2,6247231,19481675,241485,8957129,59711,28438804,301196,388,7,23,327516,True
193,193.0,,,,,194,12800,19,206887111,5793170,76012,502,206963123,5793672,3,6117384,20679167,251003,9785676,65234,30464843,316237,404,7,24,345449,True
194,194.0,,,,,195,12800,19,247042209,5794331,74891,502,247117100,5794833,3,6127986,19461170,241259,9402159,62753,28863329,304012,405,7,24,330363,True
195,195.0,,,,,196,9000,19,187598338,5194715,74496,501,187672834,5195216,2,5486015,20712307,256228,10250869,68225,30963176,324453,406,7,24,354790,True
196,196.0,,,,,197,9000,19,250806114,5030645,76537,501,250882651,5031146,2,5315166,17708373,222023,9481800,63205,27190173,285228,388,7,23,304572,True
197,197.0,,,,,198,9000,19,244932048,5252864,75158,503,245007206,5253367,3,5554111,17563046,213170,9641895,64221,27204941,277391,401,7,24,302586,True
198,198.0,,,,,199,11250,19,249908473,6784631,74563,503,249983036,6785134,3,7175420,16243654,201072,8970452,59708,25214106,260780,376,7,23,274654,True
199,199.0,,,,,200,11250,19,688789613,6776302,77256,502,688866869,6776804,3,7169150,16787877,204428,7457255,49694,24245132,254122,337,7,21,277777,True
200,200.0,,,,,201,11250,19,535760486,6761430,76004,505,535836490,6761935,3,7161626,14358091,174209,7224369,48201,21582460,222410,334,7,21,238774,True
201,201.0,,,,,202,9600,19,139196451,5369303,75133,501,139271584,5369804,2,5676223,22910989,282294,9029022,60216,31940011,342510,397,7,24,372875,True
202,202.0,,,,,203,9600,19,178102716,5624849,75493,504,178178209,5625353,3,5951743,18607948,225694,10983795,73216,29591743,298910,416,7,25,308507,True
203,203.0,,,,,204,9600,19,154988149,5527769,75025,501,155063174,5528270,2,5852639,18929157,238759,10829952,72224,29759109,310983,405,7,25,322637,True
204,204.0,,,,,205,12000,19,297588746,6997234,76014,502,297664760,6997736,3,7385407,19057470,236986,11151745,74247,30209215,311233,421,7,25,328434,True
205,205.0,,,,,206,12000,19,254725124,6963222,75016,502,254800140,6963724,3,7354399,20633995,256047,10838309,72226,31472304,328273,413,7,25,354192,True
206,206.0,,,,,207,12000,19,465158966,6933178,75445,501,465234411,6933679,2,7324607,20562508,260961,10304863,68720,30867371,329681,400,7,24,356348,True
207,,,,,,208,16875,19,416943291,10132546,75305,502,417018596,10133048,3,10707938,20166538,250949,9182806,61238,29349344,312187,394,7,24,336657,True
208,,,,,,209,16875,19,286832259,10128766,76311,504,286908570,10129270,3,10721105,24274099,303682,9187364,61256,33461463,364938,417,7,25,408244,True
209,,,,,,210,16875,19,224985872,10131443,75579,507,225061451,10131950,3,10704803,23513864,290664,9947744,66259,33461608,356923,407,7,24,396132,True
210,,,,,,211,20000,19,375301813,11567223,75472,503,375377285,11567726,3,12234207,19327545,235558,9626602,64206,28954147,299764,415,7,24,329910,True
211,,,,,,212,20000,19,532520429,11150463,75021,501,532595450,11150964,2,11787687,20189943,243013,9853406,65731,30043349,308744,422,7,24,338945,True
212,,,,,,213,20000,19,564310233,11585540,75044,502,564385277,11586042,3,12231167,20216760,249723,10239246,68233,30456006,317956,439,7,25,352824,True
213,,,,,,214,30000,19,1079315596,18875202,74643,502,1079390239,18875704,3,20015869,24629922,303690,8956394,59744,33586316,363434,395,7,23,413074,True
214,,,,,,215,30000,19,991499854,18882492,76360,503,991576214,18882995,3,20019194,25165979,305686,9566333,63745,34732312,369431,412,7,23,417414,True
215,,,,,,216,30000,19,913487895,18902902,74769,502,913562664,18903404,3,20030499,24262833,299700,9639405,64233,33902238,363933,418,7,24,406529,True
216,,,,,,217,25000,19,798564145,12945314,75086,501,798639231,12945815,2,13714235,22832495,277634,10249835,68293,33082330,345927,421,7,25,387659,True
217,,,,,,218,25000,19,554670349,12620733,75202,501,554745551,12621234,2,13327964,19273021,234223,8579339,57216,27852360,291439,374,7,23,322865,True
218,,,,,,219,25000,19,976623063,13005033,75568,502,976698631,13005535,3,13788107,24355891,302694,10767446,71817,35123337,374511,428,7,25,420836,True
219,,,,,,220,19200,19,472972033,10797703,75802,503,473047835,10798206,3,11402481,25858655,314548,10008284,66782,35866939,381330,450,7,24,430508,True
220,,,,,,221,19200,19,746498279,11807187,74492,502,746572771,11807689,3,12481399,23488748,296605,9260482,61738,32749230,358343,419,7,23,401350,True
221,,,,,,222,19200,19,719044839,11840995,74939,502,719119778,11841497,3,12511115,26550427,317953,8894417,59260,35444844,377213,441,7,24,431568,True
222,,,,,,223,20000,19,646237462,11904435,75395,502,646312857,11904937,3,12600224,23045189,282548,10760288,71741,33805477,354289,419,7,25,385050,True
223,,,,,,224,20000,19,487309106,12012539,77097,505,487386203,12013044,4,12710576,27209591,327872,9345573,62242,36555164,390114,442,7,25,441875,True
224,,,,,,225,20000,19,550686272,12254758,76061,502,550762333,12255260,3,12966545,24922768,295308,9410720,62738,34333488,358046,403,7,23,402972,True
225,,,,,,226,24000,19,452722431,15595563,75564,502,452797995,15596065,3,16495379,22496538,285622,8823069,58750,31319607,344372,388,7,23,380481,True
226,,,,,,227,24000,19,502852518,15130267,75731,502,502928249,15130769,3,16025204,22564004,282749,9332193,62231,31896197,344980,405,7,24,379250,True
227,,,,,,228,24000,19,521425350,15198052,75646,503,521500996,15198555,3,16088379,25901345,310381,9184027,61278,35085372,371659,407,7,24,420984,True
228,,,,,,229,25000,19,657864054,15275847,75574,501,657939628,15276348,2,16171351,21518172,258864,9106231,60726,30624403,319590,386,7,23,361295,True
229,,,,,,230,25000,19,577529815,14933188,75594,502,577605409,14933690,3,15750899,22140162,270389,10693807,71241,32833969,341630,451,7,25,380451,True
230,,,,,,231,25000,19,511212868,15347712,75407,502,511288275,15348214,3,16272773,19952871,250256,9712214,64763,29665085,315019,423,7,24,355385,True
231,,,,,,232,18000,19,563925817,10425271,75407,502,564001224,10425773,3,11014559,25035593,310433,10694416,71297,35730009,381730,436,7,25,428425,True
232,,,,,,233,18000,19,372771926,10696918,75635,501,372847561,10697419,2,11293556,24935861,310912,9050078,60323,33985939,371235,398,7,23,417115,True
233,,,,,,234,18000,19,567444350,10737322,74389,502,567518739,10737824,3,11353121,27131846,327397,8514841,56767,35646687,384164,392,7,24,432120,True
234,,,,,,235,28125,19,423211286,16820087,75084,503,423286370,16820590,3,17724695,25007432,310383,9873576,65750,34881008,376133,406,7,24,419434,True
235,,,,,,236,28125,19,542059005,16731726,75039,502,542134044,16732228,3,17720306,25132250,309204,9786369,65262,34918619,374466,404,7,25,415160,True
236,,,,,,237,28125,19,592246383,16803285,75510,502,592321893,16803787,3,17752910,23027413,291502,10244158,68248,33271571,359750,417,7,25,389440,True
237,,,,,,238,15000,19,260682516,8705030,74964,502,260757480,8705532,3,9197855,21190897,266144,10075364,67238,31266261,333382,413,7,24,367205,True
238,,,,,,239,15000,19,283657900,8664277,75068,501,283732968,8664778,2,9141919,22399157,282117,10164144,67740,32563301,349857,415,7,24,383801,True
239,,,,,,240,15000,19,352163689,8652566,75174,501,352238863,8653067,2,9140095,23096760,278958,10083492,67219,33180252,346177,418,7,24,381385,True
240,,,,,,241,15000,19,359749725,8961167,74919,502,359824644,8961669,3,9479645,21735239,265856,9195454,61239,30930693,327095,412,7,24,365730,True
241,,,,,,242,15000,19,300951118,8692297,75778,503,301026896,8692800,3,9206367,21377158,261822,10009473,66741,31386631,328563,402,7,24,369744,True
242,,,,,,243,15000,19,314332266,8723600,75099,502,314407365,8724102,3,9230687,21317633,267860,9842820,65740,31160453,333600,399,7,24,367295,True
243,,,,,,244,16000,19,498469793,9657947,76268,503,498546061,9658450,4,10219505,17493445,210376,10463207,69711,27956652,280087,381,7,25,287266,True
244,,,,,,245,16000,19,257187422,9538396,74864,502,257262286,9538898,3,10101002,18914629,226917,9857611,65707,28772240,292624,380,7,24,303616,True
245,,,,,,246,16000,19,497599800,9494487,75764,501,497675564,9494988,2,10050215,20294488,252211,10075762,67224,30370250,319435,393,7,24,341572,True
246,,,,,,247,24000,19,549261187,14265872,76172,502,549337359,14266374,3,15106343,23342984,288465,10552849,70239,33895833,358704,424,7,25,390414,True
247,,,,,,248,24000,19,760030121,14370667,75504,502,760105625,14371169,3,15160892,24524889,306550,9182146,61224,33707035,367774,446,7,25,410836,True
248,,,,,,249,24000,19,671352785,14335372,76053,502,671428838,14335874,3,15145844,25048000,303204,10156814,67762,35204814,370966,446,7,25,411444,True
249,,,,,,250,18000,19,553077994,11081241,74941,502,553152935,11081743,3,11724287,23690798,290172,8355835,55720,32046633,345892,413,7,23,391278,True
250,,,,,,251,18000,19,474139687,10774535,75189,502,474214876,10775037,3,11373812,21754889,271796,8132516,54215,29887405,326011,367,7,22,361582,True
251,,,,,,252,18000,19,556176225,11054188,75838,502,556252063,11054690,3,11693925,20742485,259735,9859233,65699,30601718,325434,407,7,24,351740,True
252,,,,,,253,19200,19,308394892,11853564,75045,502,308469937,11854066,3,12506593,22378121,279048,10097442,67265,32475563,346313,432,7,24,384365,True
253,,,,,,254,19200,19,759623861,11161225,74592,502,759698453,11161727,3,11807391,24599900,301065,10034688,66757,34634588,367822,433,7,25,407942,True
254,,,,,,255,19200,19,243323007,11165248,74900,503,243397907,11165751,3,11776383,23541685,290465,10836926,72257,34378611,362722,441,7,25,401162,True
255,,,,,,256,24000,19,824598882,14361955,75291,503,824674173,14362458,3,15163400,21096051,268639,9933609,66239,31029660,334878,415,7,24,371376,True
256,,,,,,257,24000,19,736986749,14336956,74343,502,737061092,14337458,3,15153995,24387127,303014,11071384,73755,35458511,376769,465,7,25,421407,True
257,,,,,,258,24000,19,1250296722,14779069,76000,502,1250372722,14779571,3,15613853,25194855,309410,9773800,65251,34968655,374661,443,7,25,427550,True
258,,,,,,259,16000,19,381243945,9863706,75868,502,381319813,9864208,3,10438101,20528349,250472,9705756,64727,30234105,315199,383,7,23,340072,True
259,,,,,,260,16000,19,492814651,9836052,74147,502,492888798,9836554,3,10420659,19489762,246182,9404803,62722,28894565,308904,368,7,23,331709,True
260,,,,,,261,16000,19,724155288,10143109,74462,502,724229750,10143611,3,10748429,23236578,286062,10603392,70745,33839970,356807,434,7,25,386309,True
261,,,,,,262,15000,19,318896274,8364970,75685,501,318971959,8365471,2,8852700,17390898,215640,9495281,63222,26886179,278862,403,7,24,299178,True
262,,,,,,263,15000,19,285901387,8425394,76543,502,285977930,8425896,3,8902176,16299904,202546,10244877,68231,26544781,270777,400,7,24,283653,True
263,,,,,,264,15000,19,420779880,8444271,76709,503,420856589,8444774,3,8919257,20851794,250565,9950207,66216,30802001,316781,383,7,23,343557,True
