,Unnamed: 0.5,Unnamed: 0.4,Unnamed: 0.3,Unnamed: 0.2,Unnamed: 0.1,Unnamed: 0,FILE_NAME,STATES,INPUTS,LSTAR_MQ_SYM,LSTAR_MQ_RST,LSTAR_EQ_SYM,LSTAR_EQ_RST,LSTAR_TOTAL_SYM,LSTAR_TOTAL_RST,LSTAR_EQs,LSTAR_MQs,CLSTAR_MQ_SYM,CLSTAR_MQ_RST,CLSTAR_EQ_SYM,CLSTAR_EQ_RST,CLSTAR_TOTAL_SYM,CLSTAR_TOTAL_RST,CLSTAR_EQs,CLSTAR_COMPONENTS,CLSTAR_ROUNDS,CLSTAR_MQs,CACHE
0,0,0.0,0.0,0.0,0.0,0.0,1,29160,18,69582081,1618747,75887,506,69657968,1619253,3,1718163,4640094,59835,4224280,28155,8864374,87990,215,9,13,85436,True
1,1,1.0,1.0,1.0,1.0,1.0,1,29160,18,43528219,1588872,74409,501,43602628,1589373,2,1686915,4138659,53380,4816272,32154,8954931,85534,234,9,14,80344,True
2,2,2.0,2.0,2.0,2.0,2.0,1,29160,18,51989343,1588331,74778,501,52064121,1588832,2,1685907,3914878,50754,4817079,32149,8731957,82903,240,9,15,74108,True
3,3,3.0,3.0,3.0,3.0,3.0,2,18432,18,161866600,2734285,74386,501,161940986,2734786,2,2899285,5963690,70104,7605127,50662,13568817,120766,288,9,17,107301,True
4,4,4.0,4.0,4.0,4.0,4.0,2,18432,18,164133734,2733957,74434,501,164208168,2734458,2,2896945,4851221,60089,6700811,44671,11552032,104760,283,9,17,90870,True
5,5,5.0,5.0,5.0,5.0,5.0,2,18432,18,101843513,2896304,75466,502,101918979,2896806,3,3070574,6405908,81322,6177259,41161,12583167,122483,264,9,16,117585,True
6,6,6.0,6.0,6.0,6.0,6.0,3,14592,18,17539555,313874,75819,503,17615374,314377,3,332124,3284142,41064,2796126,18641,6080268,59705,202,9,11,62178,True
7,7,7.0,7.0,7.0,7.0,7.0,3,14592,18,16440639,326405,75033,503,16515672,326908,3,345174,3586027,45581,2725407,18135,6311434,63716,206,9,11,71593,True
8,8,8.0,8.0,8.0,8.0,8.0,3,14592,18,10582981,288515,75625,503,10658606,289018,3,305124,3254424,40801,2425726,16136,5680150,56937,194,9,11,60693,True
9,9,9.0,9.0,9.0,9.0,9.0,4,14400,18,9762582,150897,76601,501,9839183,151398,2,159431,1607031,21146,2492027,16631,4099058,37777,169,9,10,31445,True
10,10,10.0,10.0,10.0,10.0,10.0,4,14400,18,7864198,143382,76693,501,7940891,143883,2,151655,2113807,27586,3094097,20634,5207904,48220,191,9,11,42008,True
11,11,11.0,11.0,11.0,11.0,11.0,4,14400,18,5989224,137913,74053,501,6063277,138414,2,145824,2715082,33360,2796003,18624,5511085,51984,186,9,11,48666,True
12,12,12.0,12.0,12.0,12.0,12.0,5,15552,18,111564307,1943556,76112,502,111640419,1944058,3,2058363,7917039,92520,5277975,35176,13195014,127696,285,9,15,141080,True
13,13,13.0,13.0,13.0,13.0,13.0,5,15552,18,80870642,1946464,75570,502,80946212,1946966,3,2060883,6934128,84836,4604985,30677,11539113,115513,260,9,14,125632,True
14,14,14.0,14.0,14.0,14.0,14.0,5,15552,18,98896474,1929013,75587,502,98972061,1929515,3,2042739,7236630,87443,4452682,29669,11689312,117112,260,9,14,128543,True
15,15,15.0,15.0,15.0,15.0,15.0,6,15552,18,19015290,454992,75871,501,19091161,455493,2,480624,4471906,56446,3546632,23686,8018538,80132,223,9,12,81974,True
16,16,16.0,16.0,16.0,16.0,16.0,6,15552,18,11595186,444768,75825,501,11671011,445269,2,469824,3633284,48206,3625423,24136,7258707,72342,226,9,12,72234,True
17,17,17.0,17.0,17.0,17.0,17.0,6,15552,18,13704666,454566,75561,501,13780227,455067,2,480174,4678828,59091,3927562,26172,8606390,85263,240,9,13,86583,True
18,18,18.0,18.0,18.0,18.0,18.0,7,12288,18,11946529,166834,74183,501,12020712,167335,2,176424,2772039,34774,2787111,18607,5559150,53381,200,9,11,53241,True
19,19,19.0,19.0,19.0,19.0,19.0,7,12288,18,10715085,165433,75737,501,10790822,165934,2,175074,2318288,29149,2267092,15116,4585380,44265,158,9,9,43159,True
20,20,20.0,20.0,20.0,20.0,20.0,7,12288,18,8452737,153489,75771,501,8528508,153990,2,162474,3127346,36746,2638910,17629,5766256,54375,199,9,11,58027,True
21,21,21.0,21.0,21.0,21.0,21.0,8,11520,18,9249474,248759,75646,501,9325120,249260,2,263509,3443581,41308,3100225,20634,6543806,61942,198,9,11,63618,True
22,22,22.0,22.0,22.0,22.0,22.0,8,11520,18,10842716,288043,75270,502,10917986,288545,3,304693,3398510,40647,2800048,18628,6198558,59275,189,9,11,59917,True
23,23,23.0,23.0,23.0,23.0,23.0,8,11520,18,22703873,347724,76169,503,22780042,348227,3,367873,2660893,35338,3098377,20637,5759270,55975,195,9,11,53480,True
24,24,24.0,24.0,24.0,24.0,24.0,9,19200,18,44963807,1248466,75748,502,45039555,1248968,3,1320507,4279078,51843,4667531,31141,8946609,82984,238,9,14,78061,True
25,25,25.0,25.0,25.0,25.0,25.0,9,19200,18,74328535,1227196,75370,507,74403905,1227703,3,1298132,4301857,56720,4293537,28630,8595394,85350,199,9,12,83624,True
26,26,26.0,26.0,26.0,26.0,26.0,9,19200,18,63664246,1262169,75176,502,63739422,1262671,3,1333611,4440572,55824,5500984,36646,9941556,92470,252,9,15,84990,True
27,27,27.0,27.0,27.0,27.0,27.0,10,28512,18,28522782,490147,75598,501,28598380,490648,2,518102,3757730,46687,2878515,19143,6636245,65830,205,9,11,68774,True
28,28,28.0,28.0,28.0,28.0,28.0,10,28512,18,27323660,521504,74667,503,27398327,522007,3,551797,3667064,46587,3022328,20145,6689392,66732,201,9,11,69420,True
29,29,29.0,29.0,29.0,29.0,29.0,10,28512,18,20807791,451947,75203,501,20882994,452448,2,477853,3505331,44074,2349825,15648,5855156,59722,162,9,9,63279,True
30,30,30.0,30.0,30.0,30.0,30.0,11,7560,16,59508310,1298145,74496,501,59582806,1298646,2,1381145,5733295,74422,5795117,38691,11528412,113113,260,8,15,117006,True
31,31,31.0,31.0,31.0,31.0,31.0,11,7560,16,39218957,1282936,75667,502,39294624,1283438,3,1364824,6598415,80548,5278224,35234,11876639,115782,263,8,15,124624,True
32,32,32.0,32.0,32.0,32.0,32.0,11,7560,16,42043319,1237064,75152,501,42118471,1237565,2,1316024,5709718,71599,4665349,31144,10375067,102743,236,8,14,111578,True
33,33,33.0,33.0,33.0,33.0,33.0,12,12800,16,24471176,436388,77044,516,24548220,436904,5,465945,3386231,39645,2052895,13643,5439126,53288,157,8,9,63564,True
34,34,34.0,34.0,34.0,34.0,34.0,12,12800,16,19616551,376919,76469,508,19693020,377427,4,401881,2919846,35885,1752998,11667,4672844,47552,141,8,8,56657,True
35,35,35.0,35.0,35.0,35.0,35.0,12,12800,16,17795487,364183,77087,514,17872574,364697,4,388153,3728498,45342,1682177,11230,5410675,56572,163,8,9,71604,True
36,36,36.0,36.0,36.0,36.0,36.0,13,30000,16,77849072,5322892,78171,526,77927243,5323418,3,5691134,8035203,94584,5133655,34213,13168858,128797,234,8,14,141840,True
37,37,37.0,37.0,37.0,37.0,37.0,13,30000,16,87038911,5421110,77058,517,87115969,5421627,5,5811662,6927464,87417,4454140,29669,11381604,117086,223,8,14,132082,True
38,38,38.0,38.0,38.0,38.0,38.0,13,30000,16,81677345,5405205,77602,523,81754947,5405728,5,5776942,7481657,89259,4982709,33201,12464366,122460,241,8,14,136557,True
39,39,39.0,39.0,39.0,39.0,39.0,14,20250,16,35962988,698387,76009,503,36038997,698890,4,748424,4339682,52387,4154358,27708,8494040,80095,192,8,13,78751,True
40,40,40.0,40.0,40.0,40.0,40.0,14,20250,16,26816885,679567,75723,502,26892608,680069,3,727609,4814523,57081,3237845,21564,8052368,78645,179,8,12,83437,True
41,41,41.0,41.0,41.0,41.0,41.0,14,20250,16,29212257,706943,74611,507,29286868,707450,3,756458,3770849,44807,3702520,24729,7473369,69536,177,8,13,65410,True
42,42,42.0,42.0,42.0,42.0,42.0,15,1536,16,4767203,60351,75319,501,4842522,60852,2,64196,1385097,18008,1962913,13110,3348010,31118,137,8,9,27381,True
43,43,43.0,43.0,43.0,43.0,43.0,15,1536,16,5034209,63828,75259,501,5109468,64329,2,67892,1170406,15184,2043508,13606,3213914,28790,137,8,9,24561,True
44,44,44.0,44.0,44.0,44.0,44.0,15,1536,16,2081308,44544,76610,501,2157918,45045,2,47396,1348143,17040,1819345,12108,3167488,29148,136,8,9,26762,True
45,45,45.0,45.0,45.0,45.0,45.0,16,6144,16,17695457,286033,75461,507,17770918,286540,3,304726,2772267,36237,3470659,23113,6242926,59350,171,8,12,54503,True
46,46,46.0,46.0,46.0,46.0,46.0,16,6144,16,6023961,211199,74713,501,6098674,211700,2,224597,2985148,37890,4223436,28133,7208584,66023,200,8,13,57062,True
47,47,47.0,47.0,47.0,47.0,47.0,16,6144,16,11859504,241876,74244,501,11933748,242377,2,257254,4052627,49645,3992915,26635,8045542,76280,198,8,13,73651,True
48,48,48.0,48.0,48.0,48.0,48.0,17,1296,16,3224655,52995,76937,501,3301592,53496,2,56339,1297503,16034,1514541,10102,2812044,26136,123,8,8,23248,True
49,49,49.0,49.0,49.0,49.0,49.0,17,1296,16,6557245,71356,74609,501,6631854,71857,2,75859,1597579,19527,1666212,11106,3263791,30633,138,8,9,28297,True
50,50,50.0,50.0,50.0,50.0,50.0,17,1296,16,2434918,47878,74194,501,2509112,48379,2,50899,1630889,20448,2046006,13607,3676895,34055,143,8,9,31094,True
51,51,51.0,51.0,51.0,51.0,51.0,18,28500,16,21508444,489634,76439,501,21584883,490135,2,522824,3699667,44145,2947693,19614,6647360,63759,173,8,11,66649,True
52,52,52.0,52.0,52.0,52.0,52.0,18,28500,16,26918873,578698,75817,504,26994690,579202,3,616953,3763439,47195,2721036,18117,6484475,65312,171,8,11,69644,True
53,53,53.0,53.0,53.0,53.0,53.0,18,28500,16,29180085,575193,75900,502,29255985,575695,3,614457,3599753,44218,3022268,20143,6622021,64361,179,8,11,67717,True
54,54,54.0,54.0,54.0,54.0,54.0,19,2560,16,7185466,129500,75821,504,7261287,130004,3,138022,1467465,19649,1590338,10600,3057803,30249,121,8,8,28560,True
55,55,55.0,55.0,55.0,55.0,55.0,19,2560,16,4159056,85753,76259,501,4235315,86254,2,91286,2069812,25358,1743012,11619,3812824,36977,123,8,8,37564,True
56,56,56.0,56.0,56.0,56.0,56.0,19,2560,16,2891712,74927,75711,501,2967423,75428,2,79878,1954750,23794,2040967,13614,3995717,37408,134,8,9,35224,True
57,57,57.0,57.0,57.0,57.0,57.0,20,12960,16,56777971,705886,76521,501,56854492,706387,2,752569,4433806,56480,3552599,23643,7986405,80123,195,8,12,85268,True
58,58,58.0,58.0,58.0,58.0,58.0,20,12960,16,58967402,757908,75992,502,59043394,758410,3,808729,5010947,62877,4001279,26653,9012226,89530,212,8,13,94621,True
59,59,59.0,59.0,59.0,59.0,59.0,20,12960,16,48118957,753023,76699,502,48195656,753525,3,804153,5132500,63508,4382743,29180,9515243,92688,214,8,13,96705,True
60,60,60.0,60.0,60.0,60.0,,21,1440,14,4808956,68169,75291,501,4884247,68670,2,73168,1249046,16280,2334935,15588,3583981,31868,128,7,10,24473,True
61,61,61.0,61.0,61.0,61.0,,21,1440,14,3949932,60726,74817,501,4024749,61227,2,65188,1549491,20190,2715491,18095,4264982,38285,136,7,11,30514,True
62,62,62.0,62.0,62.0,62.0,,21,1440,14,2741885,57478,75948,501,2817833,57979,2,61730,1755831,22326,2490553,16602,4246384,38928,124,7,10,32539,True
63,63,63.0,63.0,63.0,63.0,,22,7008,14,11814648,335064,75171,501,11889819,335565,2,362274,4060314,50338,2862759,19119,6923073,69457,165,7,11,78403,True
64,64,64.0,64.0,64.0,64.0,,22,7008,14,8800038,329580,75791,501,8875829,330081,2,355274,3735491,46550,2792572,18608,6528063,65158,164,7,11,70065,True
65,65,65.0,65.0,65.0,65.0,,22,7008,14,15155369,338311,75294,501,15230663,338812,2,366824,3819574,46399,2720403,18114,6539977,64513,145,7,10,71165,True
66,66,66.0,66.0,66.0,66.0,,23,1800,14,2520710,43084,75041,501,2595751,43585,2,46188,1080584,14258,3092058,20612,4172642,34870,135,7,11,22562,True
67,67,67.0,67.0,67.0,67.0,,23,1800,14,1625044,36868,75375,501,1700419,37369,2,39524,1259363,16210,2866962,19102,4126325,35312,133,7,11,24191,True
68,68,68.0,68.0,68.0,68.0,,23,1800,14,2401106,41752,73833,501,2474939,42253,2,44760,835241,12498,3089721,20606,3924962,33104,132,7,11,18564,True
69,69,69.0,69.0,69.0,69.0,,24,3780,14,25145786,802853,74771,501,25220557,803354,2,866903,5216758,63962,5794078,38625,11010836,102587,207,7,15,97836,True
70,70,70.0,70.0,70.0,70.0,,24,3780,14,23181728,802357,74816,501,23256544,802858,2,864215,6126719,74796,5282237,35141,11408956,109937,218,7,15,117401,True
71,71,71.0,71.0,71.0,71.0,,24,3780,14,35849542,808591,74705,501,35924247,809092,2,870599,4487159,55722,5115310,34131,9602469,89853,202,7,15,88530,True
72,72,72.0,72.0,72.0,72.0,,25,1800,14,4789267,59514,74785,501,4864052,60015,2,63859,2270888,28507,1893007,12592,4163895,41099,125,7,9,41976,True
73,73,73.0,73.0,73.0,73.0,,25,1800,14,5299647,61064,75497,501,5375144,61565,2,65539,1791348,23299,1966805,13095,3758153,36394,124,7,9,34267,True
74,74,74.0,74.0,74.0,74.0,,25,1800,14,3692167,53768,74925,501,3767092,54269,2,57699,2356725,27010,1588462,10588,3945187,37598,113,7,8,38883,True
75,75,75.0,75.0,75.0,75.0,,26,7200,14,77527421,1304407,74738,502,77602159,1304909,3,1409069,4729243,58422,3995540,26623,8724783,85045,179,7,13,84997,True
76,76,76.0,76.0,76.0,76.0,,26,7200,14,65242266,1258517,75020,504,65317286,1259021,3,1358473,4603658,59009,3773194,25119,8376852,84128,181,7,13,85238,True
77,77,77.0,77.0,77.0,77.0,,26,7200,14,65304124,1239271,76013,502,65380137,1239773,3,1334574,5043668,65173,3849259,25638,8892927,90811,196,7,13,95777,True
78,78,78.0,78.0,78.0,78.0,,27,3600,14,18304888,366304,75159,501,18380047,366805,2,393953,3516355,44839,4373738,29129,7890093,73968,188,7,13,69064,True
79,79,79.0,79.0,79.0,79.0,,27,3600,14,18286281,367316,75978,501,18362259,367817,2,395801,4710896,55757,4152196,27630,8863092,83387,190,7,13,84562,True
80,80,80.0,80.0,80.0,80.0,,27,3600,14,13348118,357196,74612,501,13422730,357697,2,384097,4200400,51347,4221023,28120,8421423,79467,194,7,13,79615,True
81,81,81.0,81.0,81.0,81.0,,28,1536,14,4956878,83842,76229,511,5033107,84353,3,89926,1590602,21307,1890100,12601,3480702,33908,119,7,9,31139,True
82,82,82.0,82.0,82.0,82.0,,28,1536,14,10018414,112858,80712,533,10099126,113391,3,121048,2582996,32281,1674663,11129,4257659,43410,115,7,8,46671,True
83,83,83.0,83.0,83.0,83.0,,28,1536,14,8206622,101202,76151,504,8282773,101706,3,108546,2059522,25450,1966045,13132,4025567,38582,119,7,9,36573,True
84,84,84.0,84.0,84.0,84.0,,29,5520,14,9009835,154635,74359,502,9084194,155137,3,166496,2018498,26437,1513603,10084,3532101,36521,115,7,8,39438,True
85,85,85.0,85.0,85.0,85.0,,29,5520,14,7450960,109325,75150,501,7526110,109826,2,117677,2274182,27304,1443756,9605,3717938,36909,116,7,8,40991,True
86,86,86.0,86.0,86.0,86.0,,29,5520,14,9460231,154660,76239,505,9536470,155165,3,166341,1903070,25018,1516513,10098,3419583,35116,117,7,8,37732,True
87,87,87.0,87.0,87.0,87.0,,30,11520,14,36149716,685855,74675,501,36224391,686356,2,739223,4705211,61199,3627299,24129,8332510,85328,187,7,13,91967,True
88,88,88.0,88.0,88.0,88.0,,30,11520,14,31800117,753171,76334,502,31876451,753673,3,811674,4631788,57524,3991786,26620,8623574,84144,185,7,13,87197,True
89,89,89.0,89.0,89.0,89.0,,30,11520,14,31609745,718023,76350,501,31686095,718524,2,776674,5449206,65035,3473842,23128,8923048,88163,177,7,12,95803,True
90,90,90.0,90.0,90.0,,,31,2250,12,7903312,115010,74793,501,7978105,115511,2,124962,3116061,37859,2797876,18594,5913937,56453,133,6,11,57872,True
91,91,91.0,91.0,91.0,,,31,2250,12,9400692,116124,74547,501,9475239,116625,2,126330,2787831,34369,3019122,20096,5806953,54465,126,6,11,51047,True
92,92,92.0,92.0,92.0,,,31,2250,12,6307387,112914,74589,501,6381976,113415,2,122682,2755187,33791,2491258,16598,5246445,50389,131,6,11,51008,True
93,93,93.0,93.0,93.0,,,32,960,12,2069211,29043,74839,501,2144050,29544,2,31503,1423071,17890,1141880,7582,2564951,25472,88,6,7,26636,True
94,94,94.0,94.0,94.0,,,32,960,12,3125145,35769,76300,501,3201445,36270,2,38799,1242609,15588,837701,5577,2080310,21165,74,6,6,22977,True
95,95,95.0,95.0,95.0,,,32,960,12,3969016,41752,75435,501,4044451,42253,2,45304,1086179,13999,917033,6092,2003212,20091,79,6,6,21527,True
96,96,96.0,96.0,96.0,,,33,504,12,1403368,28385,76250,501,1479618,28886,2,30820,1452103,16698,1740560,11574,3192663,28272,105,6,9,27306,True
97,97,97.0,97.0,97.0,,,33,504,12,1524252,28335,75113,501,1599365,28836,2,30735,1594076,20213,1814818,12079,3408894,32292,108,6,9,30964,True
98,98,98.0,98.0,98.0,,,33,504,12,1384906,28158,75596,501,1460502,28659,2,30543,1819712,23030,1585814,10573,3405526,33603,93,6,8,33410,True
99,99,99.0,99.0,99.0,,,34,4000,12,36102645,830821,75611,502,36178256,831323,3,908375,4340674,55357,3465470,23115,7806144,78472,152,6,12,85908,True
100,100,100.0,100.0,100.0,,,34,4000,12,42866387,841379,75141,502,42941528,841881,3,919319,4632504,58085,4141947,27615,8774451,85700,165,6,13,90039,True
101,101,101.0,101.0,101.0,,,34,4000,12,22945815,826323,76075,502,23021890,826825,3,903191,5002228,60703,3702070,24615,8704298,85318,158,6,12,94338,True
102,102,102.0,102.0,102.0,,,35,2560,12,7978358,200212,75490,502,8053848,200714,3,219405,2889409,35767,2489344,16597,5378753,52364,122,6,11,51989,True
103,103,103.0,103.0,103.0,,,35,2560,12,6665187,168496,74744,501,6739931,168997,2,184293,2824736,33468,2861484,19082,5686220,52550,124,6,11,50037,True
104,104,104.0,104.0,104.0,,,35,2560,12,12626011,206277,76419,503,12702430,206780,3,225560,2576077,34855,2710860,18090,5286937,52945,132,6,11,51421,True
105,105,105.0,105.0,105.0,,,36,1500,12,4378312,68523,75255,501,4453567,69024,2,74574,2288705,27309,1817419,12084,4106124,39393,104,6,9,40602,True
106,106,106.0,106.0,106.0,,,36,1500,12,4013869,69227,75193,501,4089062,69728,2,75486,1957904,23631,1737150,11587,3695054,35218,106,6,9,35919,True
107,107,107.0,107.0,107.0,,,36,1500,12,5811092,73979,74445,501,5885537,74480,2,80502,2277151,27970,1818403,12083,4095554,40053,109,6,9,44144,True
108,108,108.0,108.0,108.0,,,37,2400,12,7624002,148622,89389,599,7713391,149221,4,162499,3246562,38886,1982525,13221,5229087,52107,124,6,9,59836,True
109,109,109.0,109.0,109.0,,,37,2400,12,6617403,124170,78992,535,6696395,124705,3,135379,3337258,39021,2036965,13598,5374223,52619,115,6,9,60902,True
110,110,110.0,110.0,110.0,,,37,2400,12,6504035,129288,81472,543,6585507,129831,3,141140,3070371,37935,1631850,10860,4702221,48795,105,6,8,56373,True
111,111,111.0,111.0,111.0,,,38,800,12,4967865,75017,77438,513,5045303,75530,3,81881,984091,12252,1213868,8075,2197959,20327,82,6,7,19038,True
112,112,112.0,112.0,112.0,,,38,800,12,4730980,72880,76380,510,4807360,73390,3,79505,892275,12156,1214210,8081,2106485,20237,85,6,7,19249,True
113,113,113.0,113.0,113.0,,,38,800,12,3161895,48679,75327,501,3237222,49180,2,52937,1472747,18022,1062920,7081,2535667,25103,81,6,7,26155,True
114,114,114.0,114.0,114.0,,,39,576,12,2474811,66921,74693,501,2549504,67422,2,72591,1566335,19516,4069273,27094,5635608,46610,137,6,13,28925,True
115,115,115.0,115.0,115.0,,,39,576,12,2690265,69753,75100,501,2765365,70254,2,75663,2804251,34784,3992297,26605,6796548,61389,146,6,13,51297,True
116,116,116.0,116.0,116.0,,,39,576,12,3569511,74532,74586,501,3644097,75033,2,80847,2157606,27302,4368035,29100,6525641,56402,143,6,13,40809,True
117,117,117.0,117.0,117.0,,,40,1728,12,9243941,148516,75184,501,9319125,149017,2,161804,3879037,47484,2565703,17109,6444740,64593,146,6,11,72123,True
118,118,118.0,118.0,118.0,,,40,1728,12,8879531,147342,74791,501,8954322,147843,2,160579,4395374,51445,2868585,19111,7263959,70556,142,6,11,78571,True
119,119,119.0,119.0,119.0,,,40,1728,12,5118860,137085,75059,501,5193919,137586,2,149539,3922480,47784,2716504,18102,6638984,65886,143,6,11,70454,True
120,120,120.0,120.0,,,,41,810,10,2439712,42366,75197,502,2514909,42868,3,46766,1581359,20087,1136705,7591,2718064,27678,77,5,7,31947,True
121,121,121.0,121.0,,,,41,810,10,1025228,21730,74709,501,1099937,22231,2,23986,1685964,20539,1214254,8091,2900218,28630,77,5,7,32449,True
122,122,122.0,122.0,,,,41,810,10,865424,20806,75578,501,941002,21307,2,22966,1327197,18239,1212622,8083,2539819,26322,75,5,7,28734,True
123,123,123.0,123.0,,,,42,256,10,2336559,37097,75793,501,2412352,37598,2,40893,2156640,25556,2031451,13585,4188091,39141,98,5,9,38307,True
124,124,124.0,124.0,,,,42,256,10,1697200,33160,75132,501,1772332,33661,2,36553,2075829,24916,1969460,13075,4045289,37991,96,5,9,38537,True
125,125,125.0,125.0,,,,42,256,10,1881560,34049,75849,501,1957409,34550,2,37533,1890037,23845,1959551,13071,3849588,36916,90,5,9,36093,True
126,126,126.0,126.0,,,,43,960,10,1111821,18572,75108,501,1186929,19073,2,20495,880326,11064,537107,3564,1417433,14628,56,5,5,17238,True
127,127,127.0,127.0,,,,43,960,10,1816364,23212,75276,501,1891640,23713,2,25615,827159,10135,608500,4058,1435659,14193,55,5,5,16013,True
128,128,128.0,128.0,,,,43,960,10,1730006,22917,75323,502,1805329,23419,2,25295,735052,9660,610031,4055,1345083,13715,55,5,5,15531,True
129,129,129.0,129.0,,,,44,400,10,4406764,80681,75767,501,4482531,81182,2,89888,2766178,34912,2568073,17107,5334251,52019,107,5,10,54645,True
130,130,130.0,130.0,,,,44,400,10,2424978,72869,74466,501,2499444,73370,2,81197,3538051,42624,2869122,19108,6407173,61732,118,5,11,65553,True
131,131,131.0,131.0,,,,44,400,10,3115713,78186,74757,501,3190470,78687,2,86848,3800930,45690,2963028,19685,6763958,65375,121,5,11,71802,True
132,132,132.0,132.0,,,,45,128,10,2388704,26086,74465,501,2463169,26587,2,28742,658688,7901,1508791,10063,2167479,17964,73,5,8,12096,True
133,133,133.0,133.0,,,,45,128,10,915153,17117,73977,501,989130,17618,2,18862,666573,8581,1663253,11072,2329826,19653,74,5,8,12661,True
134,134,134.0,134.0,,,,45,128,10,1461270,21011,75904,501,1537174,21512,2,23152,932944,10967,1589241,10568,2522185,21535,73,5,8,16189,True
135,135,135.0,135.0,,,,46,750,10,1880898,49351,74379,501,1955277,49852,2,54738,1999493,25176,1662595,11076,3662088,36252,88,5,8,40013,True
136,136,136.0,136.0,,,,46,750,10,3147557,58305,74953,501,3222510,58806,2,64618,1755053,21534,1735235,11570,3490288,33104,88,5,8,35862,True
137,137,137.0,137.0,,,,46,750,10,5335438,81329,75462,502,5410900,81831,3,90268,2388360,27717,1286347,8580,3674707,36297,87,5,8,42912,True
138,138,138.0,138.0,,,,47,120,10,1313714,19452,74749,501,1388463,19953,2,21464,813052,10588,1065743,7061,1878795,17649,67,5,7,15266,True
139,139,139.0,139.0,,,,47,120,10,769468,14838,74850,501,844318,15339,2,16364,1127430,14269,1064404,7071,2191834,21340,69,5,7,21278,True
140,140,140.0,140.0,,,,47,120,10,1407200,20541,75314,501,1482514,21042,2,22664,1325805,15287,1141571,7572,2467376,22859,70,5,7,21889,True
141,141,141.0,141.0,,,,48,672,10,1414410,30465,75468,501,1489878,30966,2,33615,2054108,25005,1964159,13078,4018267,38083,87,5,9,36376,True
142,142,142.0,142.0,,,,48,672,10,1770600,32350,75687,501,1846287,32851,2,35695,1512281,20403,2035810,13570,3548091,33973,90,5,9,30591,True
143,143,143.0,143.0,,,,48,672,10,1108060,29305,75353,501,1183413,29806,2,32335,2003471,25477,2037998,13574,4041469,39051,92,5,9,38108,True
144,144,144.0,144.0,,,,49,400,10,5933708,79634,75390,502,6009098,80136,3,87906,2391212,29322,2041479,13613,4432691,42935,100,5,9,48652,True
145,145,145.0,145.0,,,,49,400,10,1744837,43525,75063,501,1819900,44026,2,48126,1972280,26245,1664899,11084,3637179,37329,96,5,9,40917,True
146,146,146.0,146.0,,,,49,400,10,3820821,68553,75211,503,3896032,69056,3,75977,2181896,28051,1893626,12610,4075522,40661,99,5,9,44365,True
147,147,147.0,147.0,,,,50,1875,10,18937701,362185,74487,501,19012188,362686,2,404060,3603892,46447,2946583,19599,6550475,66046,124,5,11,73722,True
148,148,148.0,148.0,,,,50,1875,10,16245299,393974,74749,501,16320048,394475,2,441622,4369418,51172,2637734,17586,7007152,68758,111,5,11,74456,True
149,149,149.0,149.0,,,,50,1875,10,14872132,378052,74701,501,14946833,378553,2,420001,3945073,47205,2869953,19092,6815026,66297,113,5,11,70845,True
150,150,150.0,,,,,51,120,8,1472795,16388,75030,501,1547825,16889,2,18524,591497,7391,456927,3042,1048424,10433,35,4,4,10873,True
151,151,151.0,,,,,51,120,8,1019059,13186,75647,501,1094706,13687,2,14891,519160,6999,461776,3061,980936,10060,36,4,4,10738,True
152,152,152.0,,,,,51,120,8,1630580,16586,75276,501,1705856,17087,2,18731,633610,8466,609038,4059,1242648,12525,44,4,5,12814,True
153,153,153.0,,,,,52,160,8,788771,21123,75590,501,864361,21624,2,23981,1955273,24941,1511132,10067,3466405,35008,70,4,8,38466,True
154,154,154.0,,,,,52,160,8,1500655,26013,74911,501,1575566,26514,2,29469,1987479,24506,1817596,12078,3805075,36584,80,4,9,39112,True
155,155,155.0,,,,,52,160,8,3172962,46176,75454,505,3248416,46681,3,52574,1362077,17499,1584187,10565,2946264,28064,72,4,8,27782,True
156,156,156.0,,,,,53,135,8,987694,14814,74889,501,1062583,15315,2,16756,1470524,18127,1062553,7072,2533077,25199,66,4,7,27851,True
157,157,157.0,,,,,53,135,8,1080684,15192,74619,501,1155303,15693,2,17172,1338458,17231,1211364,8075,2549822,25306,64,4,7,26358,True
158,158,158.0,,,,,53,135,8,637228,11972,75035,501,712263,12473,2,13532,1196937,16350,1213779,8069,2410716,24419,65,4,7,25259,True
159,159,159.0,,,,,54,180,8,452314,8278,75070,501,527384,8779,2,9338,159913,2489,234069,1545,393982,4034,26,4,3,3735,True
160,160,160.0,,,,,54,180,8,487570,8668,74885,501,562455,9169,2,9778,291181,3333,231153,1544,522334,4877,26,4,3,4967,True
161,161,161.0,,,,,54,180,8,1123342,13192,74703,501,1198045,13693,2,14882,140532,2331,230111,1540,370643,3871,26,4,3,3516,True
162,162,162.0,,,,,55,320,8,2024908,39707,75238,501,2100146,40208,2,45304,2763802,33659,1661752,11070,4425554,44729,84,4,9,50615,True
163,163,163.0,,,,,55,320,8,1563586,34237,75755,501,1639341,34738,2,38927,2671769,32922,1961470,13076,4633239,45998,87,4,9,52166,True
164,164,164.0,,,,,55,320,8,2084557,39523,76146,501,2160703,40024,2,44943,2380035,30395,1661983,11071,4042018,41466,74,4,8,45807,True
165,165,165.0,,,,,56,200,8,1822572,19602,75118,501,1897690,20103,2,22164,671898,8287,911004,6069,1582902,14356,48,4,6,12990,True
166,166,166.0,,,,,56,200,8,543601,11135,74250,501,617851,11636,2,12596,819608,10928,1210759,8068,2030367,18996,56,4,7,17294,True
167,167,167.0,,,,,56,200,8,1101988,15372,75362,501,1177350,15873,2,17380,1072794,14063,984055,6557,2056849,20620,48,4,6,21395,True
168,168,168.0,,,,,57,180,8,667329,10150,73789,501,741118,10651,2,11450,228945,3801,382336,2548,611281,6349,33,4,4,5542,True
169,169,169.0,,,,,57,180,8,739694,10696,74999,501,814693,11197,2,12066,246789,3986,384847,2540,631636,6526,33,4,4,5789,True
170,170,170.0,,,,,57,180,8,773506,11008,73375,501,846881,11509,2,12418,193729,2731,457578,3046,651307,5777,32,4,4,4079,True
171,171,171.0,,,,,58,224,8,737249,22322,75503,501,812752,22823,2,25334,1936335,24139,1512823,10063,3449158,34202,67,4,8,36000,True
172,172,172.0,,,,,58,224,8,2160160,30320,76164,501,2236324,30821,2,34334,1906565,23902,1664636,11074,3571201,34976,73,4,8,37539,True
173,173,173.0,,,,,58,224,8,1405960,26143,75334,501,1481294,26644,2,29654,1548809,19545,1583974,10556,3132783,30101,69,4,8,30882,True
174,174,174.0,,,,,59,179,8,714668,14634,76430,501,791098,15135,2,16574,1767079,20368,1211262,8055,2978341,28423,64,4,7,31446,True
175,175,175.0,,,,,59,179,8,2656512,35508,75488,503,2732000,36011,3,40214,1563960,18983,1137308,7556,2701268,26539,65,4,7,30257,True
176,176,176.0,,,,,59,179,8,2078684,23407,75231,501,2153915,23908,2,26534,1229811,17767,1063548,7060,2293359,24827,63,4,7,27383,True
177,177,177.0,,,,,60,240,8,2196957,32662,75198,501,2272155,33163,2,36974,2729908,34166,1886226,12570,4616134,46736,90,4,9,53142,True
178,178,178.0,,,,,60,240,8,2391671,33599,75650,501,2467321,34100,2,38174,2890089,34972,1886382,12575,4776471,47547,93,4,9,56603,True
179,179,179.0,,,,,60,240,8,1351771,30543,75393,501,1427164,31044,2,34814,2440487,31623,2045026,13576,4485513,45199,91,4,9,51597,True
180,180,,,,,,61,125,6,1231018,20756,76013,502,1307031,21258,3,24793,1509573,18240,1213163,8054,2722736,26294,52,3,7,28551,True
181,181,,,,,,61,125,6,1945171,25452,75149,502,2020320,25954,3,30421,1355947,18683,911015,6046,2266962,24729,44,3,6,27832,True
182,182,,,,,,61,125,6,1214440,15773,75196,501,1289636,16274,2,18745,1152353,15238,1206524,8052,2358877,23290,51,3,7,24154,True
183,183,,,,,,62,125,6,608261,13594,75384,501,683645,14095,2,16236,1719798,19701,1133431,7557,2853229,27258,46,3,7,28684,True
184,184,,,,,,62,125,6,1384316,16486,74629,501,1458945,16987,2,19512,1594308,19275,1212825,8051,2807133,27326,50,3,7,28908,True
185,185,,,,,,62,125,6,1518645,22573,75355,502,1594000,23075,3,26922,1549350,18734,1057188,7046,2606538,25780,44,3,7,27105,True
186,186,,,,,,63,100,6,1132835,13226,75670,501,1208505,13727,2,15635,1519993,18216,979871,6544,2499864,24760,41,3,6,26553,True
187,187,,,,,,63,100,6,1348524,14400,75943,501,1424467,14901,2,17016,1751411,21044,982791,6548,2734202,27592,46,3,7,30262,True
188,188,,,,,,63,100,6,1148208,13913,75071,501,1223279,14414,2,16470,1884525,21762,1055554,7052,2940079,28814,48,3,7,31826,True
189,189,,,,,,64,100,6,1043113,13595,75138,501,1118251,14096,2,16080,1254091,16916,906946,6037,2161037,22953,43,3,6,25828,True
190,190,,,,,,64,100,6,772014,11886,74614,501,846628,12387,2,14052,2228536,24036,1057367,7046,3285903,31082,52,3,7,36203,True
191,191,,,,,,64,100,6,1348692,15796,76020,501,1424712,16297,2,18745,1779234,21064,1213043,8055,2992277,29119,53,3,7,33208,True
192,192,,,,,,65,100,6,481557,10968,74722,501,556279,11469,2,13033,1253629,14437,908327,6044,2161956,20481,38,3,6,20625,True
193,193,,,,,,65,100,6,645752,10992,75409,501,721161,11493,2,13038,1842934,21741,983884,6553,2826818,28294,42,3,6,31571,True
194,194,,,,,,65,100,6,454698,11198,74162,501,528860,11699,2,13272,1108485,14139,905449,6040,2013934,20179,39,3,6,20924,True
195,195,,,,,,66,100,6,485350,8650,74995,501,560345,9151,2,10230,1286623,16067,1210401,8046,2497024,24113,46,3,7,24358,True
196,196,,,,,,66,100,6,707445,10435,74258,501,781703,10936,2,12336,1357962,16397,1208900,8046,2566862,24443,45,3,7,24783,True
197,197,,,,,,66,100,6,1288839,13723,74794,501,1363633,14224,2,16236,1504274,17668,1060580,7049,2564854,24717,46,3,7,26417,True
198,198,,,,,,67,100,6,812909,10015,75176,501,888085,10516,2,11819,764999,9965,606892,4046,1371891,14011,37,3,5,15729,True
199,199,,,,,,67,100,6,541886,8244,75913,501,617799,8745,2,9731,815277,10065,609626,4041,1424903,14106,36,3,5,15464,True
200,200,,,,,,67,100,6,597149,8610,73910,501,671059,9111,2,10163,725863,9270,608169,4044,1334032,13314,35,3,5,14664,True
201,201,,,,,,68,125,6,503692,10315,75187,501,578879,10816,2,12258,1536027,18950,1135587,7551,2671614,26501,48,3,7,27772,True
202,202,,,,,,68,125,6,526459,10604,75880,501,602339,11105,2,12570,1332710,16932,1211722,8052,2544432,24984,48,3,7,25328,True
203,203,,,,,,68,125,6,763178,12509,75302,501,838480,13010,2,14832,1741726,20563,1208737,8049,2950463,28612,51,3,7,30446,True
204,204,,,,,,69,100,6,1280986,15801,75365,501,1356351,16302,2,18824,1922277,22872,1061057,7053,2983334,29925,48,3,7,33919,True
205,205,,,,,,69,100,6,604162,12544,74895,501,679057,13045,2,14954,1450578,19743,985201,6540,2435779,26283,43,3,6,29687,True
206,206,,,,,,69,100,6,610401,12252,74152,501,684553,12753,2,14594,1872170,21259,1210755,8049,3082925,29308,49,3,7,32069,True
207,207,,,,,,70,100,6,1210874,15522,76056,501,1286930,16023,2,18464,1589657,20019,1061084,7048,2650741,27067,47,3,7,29444,True
208,208,,,,,,70,100,6,1265261,14392,74383,501,1339644,14893,2,17065,1516409,19924,1132422,7539,2648831,27463,50,3,7,29925,True
209,209,,,,,,70,100,6,866063,13567,75847,501,941910,14068,2,16141,1734160,21013,1209984,8055,2944144,29068,50,3,7,32166,True
