,Unnamed: 0.6,Unnamed: 0,FILE_NAME,STATES,INPUTS,LSTAR_MQ_SYM,LSTAR_MQ_RST,LSTAR_EQ_SYM,LSTAR_EQ_RST,LSTAR_TOTAL_SYM,LSTAR_TOTAL_RST,LSTAR_EQs,LSTAR_MQs,CLSTAR_MQ_SYM,CLSTAR_MQ_RST,CLSTAR_EQ_SYM,CLSTAR_EQ_RST,CLSTAR_TOTAL_SYM,CLSTAR_TOTAL_RST,CLSTAR_EQs,CLSTAR_COMPONENTS,CLSTAR_ROUNDS,CLSTAR_MQs,CACHE,Unnamed: 0.5,Unnamed: 0.4,Unnamed: 0.3,Unnamed: 0.2,Unnamed: 0.1
0,0,0,1,27072,30,179698465,15106500,76518,516,179774983,15107016,2,15610591,8533142,119034,9054801,60196,17587943,179230,467,8,24,174135,TRUE,,,,,
1,1,1,1,27072,30,188699428,15160382,80016,535,188779444,15160917,2,15666271,8113661,120990,9264009,61710,17377670,182700,482,8,25,183109,TRUE,,,,,
2,2,2,1,27072,30,185239142,15139015,76198,501,185315340,15139516,2,15644191,8275929,119446,8505501,56691,16781430,176137,467,8,24,181313,TRUE,,,,,
3,3,3,2,27072,29,153963581,13563677,75764,500,154039345,13564177,1,14031389,2018215,30632,8497988,56694,10516203,87326,416,9,21,53408,TRUE,,,,,
4,4,4,2,27072,29,153963581,13563677,74991,500,154038572,13564177,1,14031389,1402389,21767,8891237,59189,10293626,80956,430,9,22,42590,TRUE,,,,,
5,5,5,2,27072,29,153963581,13563677,75017,500,154038598,13564177,1,14031389,1485868,26060,10087226,67189,11573094,93249,431,9,22,48055,TRUE,,,,,
6,6,6,3,29952,27,240393850,15854329,78465,518,240472315,15854847,3,16443029,16910229,216944,9931364,66223,26841593,283167,431,9,23,299399,TRUE,,,,,
7,7,7,3,29952,27,240216995,15860577,87588,582,240304583,15861159,3,16449509,11332892,146927,10287659,68705,21620551,215632,447,9,24,201523,TRUE,,,,,
8,8,8,3,29952,27,243694738,15882445,84058,559,243778796,15883004,3,16472189,11763270,165832,10253540,68249,22016810,234081,438,9,24,240494,TRUE,,,,,
9,9,0,4,1440,20,7982714,384244,73959,501,8056673,384745,2,403501,4565088,60018,5201927,34620,9767015,94638,222,8,15,73137,TRUE,0,0,0,0,0
10,10,1,4,1440,20,8472306,388434,75520,503,8547826,388937,2,407901,5222090,65454,4754772,31636,9976862,97090,213,8,15,79872,TRUE,1,1,1,1,1
11,11,2,4,1440,20,9608335,390948,76426,505,9684761,391453,2,410541,3977113,51316,5119621,34127,9096734,85443,226,8,16,63209,TRUE,2,2,2,2,2
12,12,3,5,1792,25,9760025,1120025,74448,500,9834473,1120525,1,1164825,49088,3099,7528057,50174,7577145,53273,339,8,20,11005,TRUE,3,3,3,3,3
13,13,4,5,1792,25,9760025,1120025,75097,500,9835122,1120525,1,1164825,56825,3171,8073810,53656,8130635,56827,337,8,20,10828,TRUE,4,4,4,4,4
14,14,5,5,1792,25,9760025,1120025,74898,500,9834923,1120525,1,1164825,40191,3078,8196218,54647,8236409,57725,340,8,20,11285,TRUE,5,5,5,5,5
15,15,6,6,3008,20,10437043,793188,75255,501,10512298,793689,2,832941,6041266,94125,4372206,29127,10413472,123252,202,8,14,128408,TRUE,6,6,6,6,6
16,16,7,6,3008,20,13226209,817071,75775,501,13301984,817572,2,858021,9567680,122787,4742726,31629,14310406,154416,210,8,15,172427,TRUE,7,7,7,7,7
17,17,8,6,3008,20,14395160,824613,75804,505,14470964,825118,2,865941,8645762,122269,4675771,31139,13321533,153408,211,8,15,174059,TRUE,8,8,8,8,8
18,18,9,7,576,19,854867,138643,76022,500,930889,139143,1,145939,164525,2354,4896842,32600,5061367,34954,196,8,14,5278,TRUE,9,9,9,9,9
19,19,10,7,576,19,854867,138643,74580,500,929447,139143,1,145939,38540,1135,4975428,33127,5013968,34262,183,8,13,3026,TRUE,10,10,10,10,10
20,20,11,7,576,19,854867,138643,75001,500,929868,139143,1,145939,557258,6967,6323842,42115,6881100,49082,210,8,15,12885,TRUE,11,11,11,11,11
21,21,12,8,3008,19,11171067,733764,76633,503,11247700,734267,2,772484,6910003,96830,4670718,31130,11580721,127960,220,8,16,129207,TRUE,12,12,12,12,12
22,22,13,8,3008,19,11569320,732248,74718,503,11644038,732751,2,770888,3451588,59103,5575302,37131,9026890,96234,223,8,16,81032,TRUE,13,13,13,13,13
23,23,14,8,3008,19,11365551,734901,74712,501,11440263,735402,2,773681,5021432,67676,4606290,30610,9627722,98286,202,8,14,86186,TRUE,14,14,14,14,14
24,24,15,9,16672,17,152784243,5821242,175425,1175,152959668,5822417,9,6191226,37180588,578069,4775241,31744,41955829,609813,200,8,15,818231,TRUE,15,15,15,15,15
25,25,16,9,16672,17,135398294,5223776,115475,764,135513769,5224540,9,5562054,74505076,1003363,4137460,27489,78642536,1030852,207,8,14,1271638,TRUE,16,16,16,16,16
26,26,17,9,16672,17,84768946,4071376,83671,562,84852617,4071938,5,4326047,53227878,859540,3417423,22792,56645301,882332,204,8,14,1079979,TRUE,17,17,17,17,17
27,27,18,10,16672,17,161873380,6423417,116563,783,161989943,6424200,9,6830768,63190497,902699,3918392,26061,67108889,928760,203,8,14,1167504,TRUE,18,18,18,18,18
28,28,19,10,16672,17,90415433,4294922,82940,555,90498373,4295477,6,4557724,62728374,856541,3885662,25858,66614036,882399,191,8,14,1117722,TRUE,19,19,19,19,19
29,29,20,10,16672,17,107736350,4710010,83288,555,107819638,4710565,6,4999487,104867194,1421372,3820349,25471,108687543,1446843,213,8,14,1873491,TRUE,20,20,20,20,20
30,30,21,11,22144,18,199462826,9823528,76036,508,199538862,9824036,6,10407877,91033542,1351221,5876319,39214,96909861,1390435,257,8,17,1958017,TRUE,21,21,21,21,21
31,31,22,11,22144,18,225434876,10504515,137760,914,225572636,10505429,6,11132200,69353383,1040335,5082239,33868,74435622,1074203,230,8,15,1384941,TRUE,22,22,22,22,22
32,32,23,11,22144,18,254011617,12192781,155045,1049,254166662,12193830,9,12932383,54196509,803293,4477782,29804,58674291,833097,223,8,15,1107856,TRUE,23,23,23,23,23
33,33,24,12,384,16,606224,98320,74897,500,681121,98820,1,104464,2373,251,2939610,19592,2941983,19843,126,8,10,1213,TRUE,24,24,24,24,24
34,34,25,12,384,16,606224,98320,75503,500,681727,98820,1,104464,4478,331,3098487,20587,3102965,20918,126,8,10,1267,TRUE,25,25,25,25,25
35,35,26,12,384,16,606224,98320,75746,500,681970,98820,1,104464,1628,250,3013855,20087,3015483,20337,127,8,10,1201,TRUE,26,26,26,26,26
36,36,27,13,37512,22,301658892,15793959,100873,667,301759765,15794626,7,16519829,77881541,1129679,7007121,46705,84888662,1176384,326,8,20,1393420,TRUE,27,27,27,27,27
37,37,28,13,37512,22,244822108,13886880,100317,671,244922425,13887551,4,14523459,48412383,772278,7733795,51507,56146178,823785,334,8,21,950979,TRUE,28,28,28,28,28
38,38,29,13,37512,22,282177596,14677700,169369,1135,282346965,14678835,6,15352595,73681348,1085639,7351456,48963,81032804,1134602,348,8,21,1531734,TRUE,29,29,29,29,29
39,39,30,14,25008,20,173908606,7352168,114877,767,174023483,7352935,7,7743812,74614215,1045271,4605176,30755,79219391,1076026,259,8,17,1393796,TRUE,30,30,30,30,30
40,40,31,14,25008,20,155613376,6322724,144192,967,155757568,6323691,8,6660070,68928148,971283,5632976,37502,74561124,1008785,279,8,19,1336598,TRUE,31,31,31,31,31
41,41,32,14,25008,20,116923657,5627150,77522,513,117001179,5627663,4,5921467,109103192,1471411,5977749,39828,115080941,1511239,303,8,19,2062444,TRUE,32,32,32,32,32
42,42,33,15,3744,27,37413522,2186829,84224,563,37497746,2187392,3,2268029,13012524,166947,10015187,66694,23027711,233641,424,8,24,204824,TRUE,33,33,33,33,33
43,43,34,15,3744,27,41436054,2214945,85843,571,41521897,2215516,3,2297189,9817944,127557,9260875,61703,19078819,189260,420,8,23,157909,TRUE,34,34,34,34,34
44,44,35,15,3744,27,34117079,2166523,77211,512,34194290,2167035,3,2246969,13694804,168653,9248916,61718,22943720,230371,417,8,23,203021,TRUE,35,35,35,35,35
45,46,37,16,11232,29,48562733,5086397,75231,500,48637964,5086897,1,5261789,772933,11318,8131006,54186,8903939,65504,433,9,22,20484,TRUE,37,37,37,37,37
46,47,38,16,11232,29,48562733,5086397,75579,500,48638312,5086897,1,5261789,746594,10068,9191688,61179,9938282,71247,442,9,22,18174,TRUE,38,38,38,38,38
47,48,39,16,11232,29,48562733,5086397,74750,500,48637483,5086897,1,5261789,842305,10781,7612658,50659,8454963,61440,428,9,22,20315,TRUE,39,39,39,39,39
48,49,40,17,9024,24,34579968,2264245,75784,501,34655752,2264746,2,2358745,5006350,67938,8202473,54654,13208823,122592,353,9,21,97102,TRUE,40,40,40,40,40
49,50,41,17,9024,24,32711135,2250468,76233,512,32787368,2250980,2,2344393,8265244,102043,7004665,46667,15269909,148710,345,9,21,143602,TRUE,41,41,41,41,41
50,51,42,17,9024,24,27944746,2216924,74454,501,28019200,2217425,2,2309449,9165827,112850,7981504,53169,17147331,166019,344,9,21,150920,TRUE,42,42,42,42,42
51,52,43,18,21456,24,92574879,5835342,79606,528,92654485,5835870,3,6079611,14039506,221018,6628390,44190,20667896,265208,355,9,22,318746,TRUE,43,43,43,43,43
52,53,44,18,21456,24,83793612,5792772,78856,530,83872468,5793302,3,6035259,14850542,228750,7898879,52680,22749421,281430,356,9,22,330148,TRUE,44,44,44,44,44
53,54,45,18,21456,24,85130274,5806317,79422,520,85209696,5806837,3,6049371,24451468,313170,6312419,42194,30763887,355364,353,9,21,418525,TRUE,45,45,45,45,45
54,55,46,19,2688,25,9760025,1120025,75376,500,9835401,1120525,1,1164825,510094,8251,10160661,67685,10670755,75936,380,9,22,17933,TRUE,46,46,46,46,46
55,56,47,19,2688,25,9760025,1120025,74982,500,9835007,1120525,1,1164825,234143,4860,8213892,54673,8448035,59533,359,9,21,12359,TRUE,47,47,47,47,47
56,57,48,19,2688,25,9760025,1120025,75447,500,9835472,1120525,1,1164825,222646,4523,8420438,56151,8643084,60674,359,9,21,11732,TRUE,48,48,48,48,48
57,58,49,20,27072,28,156851989,13169047,77028,515,156929017,13169562,2,13639949,7929261,114795,8370494,55661,16299755,170456,387,9,20,161835,TRUE,49,49,49,49,49
58,59,50,20,27072,28,161686250,13212841,75552,506,161761802,13213347,2,13685309,11337780,154408,8503547,56681,19841327,211089,400,9,21,214690,TRUE,50,50,50,50,50
59,60,51,20,27072,28,160421956,13190944,75310,501,160497266,13191445,2,13662629,10689921,135345,8941082,59678,19631003,195023,399,9,21,187469,TRUE,51,51,51,51,51
60,61,52,21,33344,21,262105578,13092317,111976,747,262217554,13093064,7,13725714,50928007,808012,5877739,39133,56805746,847145,266,9,16,1075616,TRUE,52,52,52,52,52
61,62,53,21,33344,21,287306479,14302545,91562,612,287398041,14303157,7,14996383,69500847,998016,5471668,36428,74972515,1034444,269,9,16,1288031,TRUE,53,53,53,53,53
62,63,54,21,33344,21,298707276,14832202,132790,883,298840066,14833085,7,15567584,49698723,744088,5260388,35079,54959111,779167,261,9,16,956419,TRUE,54,54,54,54,54
63,64,55,22,4320,25,16320025,1800025,75887,500,16395912,1800525,1,1872025,1469358,19462,10235549,68185,11704907,87647,390,9,22,33514,TRUE,55,55,55,55,55
64,65,56,22,4320,25,16320025,1800025,75854,500,16395879,1800525,1,1872025,410784,6678,8952398,59649,9363182,66327,343,9,20,15889,TRUE,56,56,56,56,56
65,66,57,22,4320,25,16320025,1800025,75511,500,16395536,1800525,1,1872025,597386,9413,9317664,62155,9915050,71568,363,9,21,19017,TRUE,57,57,57,57,57
66,67,58,23,14304,23,51778505,3439171,74394,501,51852899,3439672,2,3589221,9225651,123493,8730123,58178,17955774,181671,365,9,22,170727,TRUE,58,58,58,58,58
67,68,59,23,14304,23,57784644,3517099,82206,557,57866850,3517656,3,3670549,8327882,113217,8354725,55657,16682607,168874,348,9,21,148072,TRUE,59,59,59,59,59
68,69,60,23,14304,23,51223908,3432868,78923,524,51302831,3433392,2,3582643,3705450,70561,7158145,47653,10863595,118214,337,9,21,108049,TRUE,60,60,60,60,60
69,70,61,24,6480,27,24842259,1849778,76539,508,24918798,1850286,2,1918378,5777927,70054,8656410,57673,14434337,127727,385,9,21,86909,TRUE,61,61,61,61,61
70,71,62,24,6480,27,28968254,1868653,76492,502,29044746,1869155,2,1937953,4248173,53129,8139528,54188,12387701,107317,372,9,20,66980,TRUE,62,62,62,62,62
71,72,63,24,6480,27,27752650,1867143,75561,503,27828211,1867646,2,1936387,4390917,50578,9865599,65668,14256516,116246,407,9,22,64905,TRUE,63,63,63,63,63
72,73,64,25,19072,25,129245858,8359846,78600,539,129324458,8360385,3,8695678,15517643,218434,7004947,46667,22522590,265101,342,9,20,306474,TRUE,64,64,64,64,64
73,74,65,25,19072,25,126417745,8336845,96353,644,126514098,8337489,3,8671753,11201593,165187,7236404,48186,18437997,213373,344,9,20,236249,TRUE,65,65,65,65,65
74,75,66,25,19072,25,123648507,8375180,79363,528,123727870,8375708,4,8711628,23194848,298305,6710137,44722,29904985,343027,340,9,20,419034,TRUE,66,66,66,66,66
75,77,,26,416,17,467041,64753,76489,500,543530,65253,1,68561,548960,9739,4291280,28610,4840240,38349,169,7,14,15406,TRUE,68,68,68,68,68
76,78,,26,416,17,467041,64753,76061,500,543102,65253,1,68561,1101121,12971,4372006,29120,5473127,42091,170,7,14,19079,TRUE,69,69,69,69,69
77,79,,26,416,17,467041,64753,75086,500,542127,65253,1,68561,26248,2151,4370280,29102,4396528,31253,169,7,14,6708,TRUE,70,70,70,70,70
78,80,,27,2688,23,9496631,947991,74889,500,9571520,948491,1,989207,381833,11822,7068637,47154,7450470,58976,317,7,21,34199,TRUE,71,71,71,71,71
79,81,,27,2688,23,9496631,947991,74376,500,9571007,948491,1,989207,396946,12639,6996441,46639,7393387,59278,320,7,21,43064,TRUE,72,72,72,72,72
80,82,,27,2688,23,9496631,947991,75417,500,9572048,948491,1,989207,331344,11519,7599912,50651,7931256,62170,322,7,21,35647,TRUE,73,73,73,73,73
81,83,,28,1080,21,2561349,317541,75818,500,2637167,318041,1,332661,379946,6267,7745810,51630,8125756,57897,284,7,20,13968,TRUE,74,74,74,74,74
82,84,,28,1080,21,2561349,317541,73977,500,2635326,318041,1,332661,210020,4539,6918223,46117,7128243,50656,286,7,20,11151,TRUE,75,75,75,75,75
83,85,,28,1080,21,2561349,317541,76098,500,2637447,318041,1,332661,433501,7168,6919354,46131,7352855,53299,273,7,19,15219,TRUE,76,76,76,76,76
84,86,,29,2384,18,20151591,683646,75661,503,20227252,684149,3,721929,13442211,172961,4384044,29218,17826255,202179,199,7,15,215017,TRUE,77,77,77,77,77
85,87,,29,2384,18,12354234,605646,75969,503,12430203,606149,2,639561,9956276,133598,4429470,29589,14385746,163187,198,7,15,173968,TRUE,78,78,78,78,78
86,88,,29,2384,18,8671119,583146,77102,507,8748221,583653,2,615801,19442286,249657,4023749,26804,23466035,276461,188,7,14,308015,TRUE,79,79,79,79,79
87,89,,30,8336,17,57112501,2329564,133235,882,57245736,2330446,5,2471279,32515182,539250,3375490,22460,35890672,561710,184,7,14,792307,TRUE,80,80,80,80,80
88,90,,30,8336,17,55716851,2306075,76555,507,55793406,2306582,5,2446749,29733427,517266,3765141,25117,33498568,542383,180,7,14,737233,TRUE,81,81,81,81,81
89,91,,30,8336,17,64328583,2414201,117727,779,64446310,2414980,7,2561499,39794672,619826,3838948,25557,43633620,645383,185,7,14,851467,TRUE,82,82,82,82,82
90,92,,31,2256,19,7968910,552602,74491,502,8043401,553104,2,581762,5593581,89206,3311319,22117,8904900,111323,192,7,15,135569,TRUE,83,83,83,83,83
91,93,,31,2256,19,10780562,572310,75571,502,10856133,572812,2,602510,9292213,124023,3855483,25627,13147696,149650,195,7,15,172469,TRUE,84,84,84,84,84
92,94,,31,2256,19,11480443,577237,76375,510,11556818,577747,2,607697,8228992,118712,4229653,28116,12458645,146828,205,7,16,165301,TRUE,85,85,85,85,85
93,95,,32,2384,19,24109029,797652,76041,505,24185070,798157,4,839936,10158105,125076,3241753,21618,13399858,146694,182,7,13,155827,TRUE,86,86,86,86,86
94,96,,32,2384,19,16079097,718387,77576,520,16156673,718907,3,756469,9939204,131849,3552379,23646,13491583,155495,184,7,13,162159,TRUE,87,87,87,87,87
95,97,,32,2384,19,22818712,791012,77009,512,22895721,791524,4,832944,8386834,123132,4005229,26651,12392063,149783,191,7,14,159924,TRUE,88,88,88,88,88
96,98,,33,624,19,895299,121315,74179,500,969478,121815,1,127699,2600184,36672,4514626,30131,7114810,66803,194,7,14,45902,TRUE,89,89,89,89,89
97,99,,33,624,19,895299,121315,74781,500,970080,121815,1,127699,2398213,28901,4438721,29607,6836934,58508,193,7,14,35431,TRUE,90,90,90,90,90
98,100,,33,624,19,895299,121315,74923,500,970222,121815,1,127699,1238953,18259,4445765,29611,5684718,47870,192,7,14,24608,TRUE,91,91,91,91,91
99,101,,34,720,20,8401312,182705,75088,501,8476400,183206,2,191861,3987532,49564,6251727,41629,10239259,91193,256,7,18,63647,TRUE,92,92,92,92,92
100,102,,34,720,20,9363855,184800,77500,505,9441355,185305,2,194061,3303319,44060,6549489,43634,9852808,87694,269,7,19,56202,TRUE,93,93,93,93,93
101,103,,34,720,20,7032079,175163,75275,504,7107354,175667,2,183941,3807043,51720,4372883,29133,8179926,80853,234,7,16,64608,TRUE,94,94,94,94,94
102,104,,35,1152,21,16827147,462447,75905,506,16903052,462953,3,484599,14102520,167919,5207412,34646,19309932,202565,245,7,16,193778,TRUE,95,95,95,95,95
103,105,,35,1152,21,20769411,489501,76419,504,20845830,490005,3,512949,7598508,98739,5346931,35643,12945439,134382,241,7,16,113996,TRUE,96,96,96,96,96
104,106,,35,1152,21,18428859,482487,74584,502,18503443,482989,3,505599,13236157,169774,5193817,34629,18429974,204403,242,7,16,196835,TRUE,97,97,97,97,97
105,107,,36,384,17,5695000,149311,75490,504,5770490,149815,3,158171,15065937,193923,2942586,19636,18008523,213559,175,6,14,223257,TRUE,98,98,98,98,
106,108,,36,384,17,8681971,165824,76041,503,8758012,166327,3,175664,5427280,70052,4368747,29119,9796027,99171,187,6,15,82091,TRUE,99,99,99,99,
107,109,,36,384,17,7444928,153018,76384,509,7521312,153527,3,162098,10061803,121106,3918798,26134,13980601,147240,178,6,14,142234,TRUE,100,100,100,100,
108,110,,37,2016,28,13509916,1580572,75477,500,13585393,1581072,1,1637020,42087,2203,8664328,57684,8706415,59887,424,6,23,9463,TRUE,101,101,101,101,
109,111,,37,2016,28,13509916,1580572,74456,500,13584372,1581072,1,1637020,51703,2239,10083144,67179,10134847,69418,425,6,23,9256,TRUE,102,102,102,102,
110,112,,37,2016,28,13509916,1580572,74099,500,13584015,1581072,1,1637020,35273,2405,9400330,62695,9435603,65100,427,6,23,9307,TRUE,103,103,103,103,
111,113,,38,384,17,11389416,181326,75112,503,11464528,181829,3,192086,6764469,96186,3846720,25620,10611189,121806,177,6,14,113795,TRUE,104,104,104,104,
112,114,,38,384,17,15812194,236931,76207,510,15888401,237441,4,250991,6910963,88136,3546886,23619,10457849,111755,169,6,13,103336,TRUE,105,105,105,105,
113,115,,38,384,17,7359330,153018,75334,505,7434664,153523,3,162098,6427354,77942,4371857,29109,10799211,107051,188,6,15,91079,TRUE,106,106,106,106,
114,116,,39,432,20,672020,115220,74734,500,746754,115720,1,120980,37120,1207,5332893,35617,5370013,36824,221,6,16,4056,TRUE,107,107,107,107,
115,117,,39,432,20,672020,115220,73989,500,746009,115720,1,120980,269331,3700,5952656,39630,6221987,43330,230,6,17,7757,TRUE,108,108,108,108,
116,118,,39,432,20,672020,115220,74100,500,746120,115720,1,120980,188267,2912,6472402,43106,6660669,46018,234,6,17,7011,TRUE,109,109,109,109,
117,119,,40,468,20,462420,67220,74620,500,537040,67720,1,70580,962547,11474,4293750,28630,5256297,40104,224,6,17,17999,TRUE,110,110,110,110,
118,120,,40,468,20,462420,67220,74758,500,537178,67720,1,70580,810014,11753,4224649,28138,5034663,39891,232,6,17,19287,TRUE,111,111,111,111,
119,121,,40,468,20,462420,67220,75398,500,537818,67720,1,70580,733451,12120,5587359,37142,6320810,49262,258,6,19,20527,TRUE,112,112,112,112,
120,122,,41,208,16,192528,28688,75049,500,267577,29188,1,30480,380224,6691,3470564,23097,3850788,29788,143,6,12,9844,TRUE,113,113,113,113,
121,123,,41,208,16,192528,28688,76667,500,269195,29188,1,30480,463865,7220,3236040,21600,3699905,28820,136,6,12,10614,TRUE,114,114,114,114,
122,124,,41,208,16,192528,28688,75146,500,267674,29188,1,30480,698776,12604,3615337,24097,4314113,36701,150,6,13,16814,TRUE,115,115,115,115,
123,125,,42,1128,19,5997669,226283,75761,503,6073430,226786,2,238223,5717162,69078,3922590,26138,9639752,95216,214,6,17,92905,TRUE,116,116,116,116,
124,126,,42,1128,19,8840872,240306,77029,508,8917901,240814,2,252986,4714747,71353,3167969,21105,7882716,92458,203,6,16,93853,TRUE,117,117,117,117,
125,127,,42,1128,19,5116910,219461,76059,504,5192969,219965,2,231041,6745701,83457,4525318,30138,11271019,113595,244,6,19,112819,TRUE,118,118,118,118,
126,128,,43,1728,24,27436302,790797,77553,513,27513855,791310,3,823899,10295155,127685,6182421,41156,16477576,168841,317,6,19,149692,TRUE,119,119,119,119,
127,129,,43,1728,24,20819100,783702,77051,509,20896151,784211,3,816507,11887161,147898,5577959,37165,17465120,185063,310,6,19,170750,TRUE,120,120,120,120,
128,130,,43,1728,24,29350623,715332,74670,502,29425293,715834,2,745275,9176013,114135,5878237,39162,15054250,153297,311,6,19,135505,TRUE,121,121,121,121,
129,131,,44,240,15,2814707,64546,75478,501,2890185,65047,2,68866,2962424,40612,3316457,22107,6278881,62719,137,6,12,48671,TRUE,122,122,122,122,
130,132,,44,240,15,2782920,64546,75331,504,2858251,65050,2,68866,2581220,36183,3327740,22126,5908960,58309,138,6,12,43253,TRUE,123,123,123,123,
131,133,,44,240,15,2611975,63590,75214,501,2687189,64091,2,67846,4001887,42796,3097193,20597,7099080,63393,133,6,11,50573,TRUE,124,124,124,124,
132,134,,45,3744,22,34729652,1502280,76184,508,34805836,1502788,3,1570824,11894059,174121,5431026,36187,17325085,210308,300,6,20,222122,TRUE,125,125,125,125,
133,135,,45,3744,22,20600726,1376040,75893,501,20676619,1376541,2,1438824,9063751,115583,5429477,36174,14493228,151757,296,6,20,163201,TRUE,126,126,126,126,
134,136,,45,3744,22,22007648,1387086,76524,501,22084172,1387587,2,1450374,10198608,130115,5276619,35171,15475227,165286,293,6,20,185916,TRUE,127,127,127,127,
135,137,,46,120,15,2556015,47816,76855,501,2632870,48317,2,51016,3633594,44332,2940408,19594,6574002,63926,130,5,12,52379,TRUE,128,128,128,,
136,138,,46,120,15,2558659,48055,75206,501,2633865,48556,2,51271,2127702,27828,2338012,15585,4465714,43413,113,5,10,33167,TRUE,129,129,129,,
137,139,,46,120,15,2843458,50445,74557,504,2918015,50949,2,53821,3416311,41985,2940124,19597,6356435,61582,130,5,12,49713,TRUE,130,130,130,,
138,140,,47,144,15,172815,32415,74809,500,247624,32915,1,34575,7269,396,2713672,18088,2720941,18484,122,5,11,1588,TRUE,131,131,131,,
139,141,,47,144,15,172815,32415,74687,500,247502,32915,1,34575,1139,266,3246165,21594,3247304,21860,126,5,11,1357,TRUE,132,132,132,,
140,142,,47,144,15,172815,32415,74931,500,247746,32915,1,34575,3393,370,2943607,19597,2947000,19967,122,5,11,1511,TRUE,133,133,133,,
141,143,,48,120,14,3524357,49548,76195,503,3600552,50051,2,53103,1206162,21745,2339076,15590,3545238,37335,110,5,10,26143,TRUE,134,134,134,,
142,144,,48,120,14,2579118,44323,74681,501,2653799,44824,2,47503,2633143,36415,2566326,17096,5199469,53511,124,5,12,43638,TRUE,135,135,135,,
143,145,,48,120,14,1312547,34500,74913,501,1387460,35001,2,36975,2536131,35972,2636138,17586,5172269,53558,116,5,11,42656,TRUE,136,136,136,,
144,146,,49,120,14,1702347,37844,74749,503,1777096,38347,2,40559,2663953,38083,1964915,13085,4628868,51168,103,5,10,45957,TRUE,137,137,137,,
145,147,,49,120,14,2384204,42442,73800,501,2458004,42943,2,45487,3078402,35632,2042312,13590,5120714,49222,103,5,10,41891,TRUE,138,138,138,,
146,148,,49,120,14,4076940,52474,76451,503,4153391,52977,2,56239,4820360,63412,2039088,13606,6859448,77018,110,5,11,76644,TRUE,139,139,139,,
147,149,,50,1384,19,17880859,490552,88489,587,17969348,491139,3,516556,20738520,260997,3211968,21373,23950488,282370,206,5,16,335479,TRUE,140,140,140,,
148,150,,50,1384,19,13753025,424414,76173,506,13829198,424920,3,446863,9619038,141644,3247447,21649,12866485,163293,211,5,17,186706,TRUE,141,141,141,,
149,151,,50,1384,19,19837764,500927,93844,629,19931608,501556,3,527481,13637102,184202,2837568,18930,16474670,203132,214,5,17,233755,TRUE,142,142,142,,
150,152,,51,288,18,8098164,153771,75467,508,8173631,154279,3,162381,12027504,159506,3838434,25626,15865938,185132,190,5,15,181842,TRUE,143,143,143,,
151,153,,51,288,18,13950615,189021,76333,506,14026948,189527,3,199605,6737306,90295,2725909,18118,9463215,108413,169,5,13,104606,TRUE,144,144,144,,
152,154,,51,288,18,8392869,161271,74625,502,8467494,161773,3,170301,11911012,147380,3316193,22115,15227205,169495,180,5,14,166155,TRUE,145,145,145,,
153,155,,52,2084,12,25605636,519886,87842,584,25693478,520470,7,567020,64461900,919534,1851264,12317,66313164,931851,117,5,11,1205778,TRUE,146,146,146,,
154,156,,52,2084,12,46800231,819407,174310,1153,46974541,820560,10,895777,65303563,1000149,1774306,11791,67077869,1011940,118,5,11,1237760,TRUE,147,147,147,,
155,157,,52,2084,12,18005014,454747,111733,749,18116747,455496,5,496460,109625536,1539836,2028409,13506,111653945,1553342,130,5,12,2088104,TRUE,148,148,148,,
156,158,,53,432,19,15957314,278902,77169,515,16034483,279417,4,293686,15385169,180608,3624506,24147,19009675,204755,201,5,15,208129,TRUE,149,149,149,,
157,159,,53,432,19,13623325,230347,75802,503,13699127,230850,3,242557,13832614,174739,3701465,24662,17534079,199401,200,5,15,199417,TRUE,150,150,150,,
158,160,,53,432,19,10481472,210012,74593,505,10556065,210517,3,221144,10594875,126678,3622746,24131,14217621,150809,197,5,15,146651,TRUE,151,151,151,,
159,161,,54,120,13,1259464,30965,75480,501,1334944,31466,2,33359,4091777,51134,2044675,13589,6136452,64723,102,5,11,61486,TRUE,152,152,152,,
160,162,,54,120,13,2319623,39110,75863,501,2395486,39611,2,42134,4295232,62105,1886244,12592,6181476,74697,105,5,11,76052,TRUE,153,153,153,,
161,163,,54,120,13,2460286,39472,74482,501,2534768,39973,2,42524,5143454,56319,2191003,14592,7334457,70911,104,5,11,67675,TRUE,154,154,154,,
162,164,,55,692,15,2973060,139392,75256,501,3048316,139893,2,148788,9045095,138975,2566918,17127,11612013,156102,139,5,13,180519,TRUE,155,155,155,,
163,165,,55,692,15,6313350,179709,77115,508,6390465,180217,3,191823,9323159,137215,2566264,17119,11889423,154334,139,5,13,179624,TRUE,156,156,156,,
164,166,,55,692,15,8460501,193593,77005,506,8537506,194099,3,206643,8309245,132847,2570636,17135,10879881,149982,141,5,13,175425,TRUE,157,157,157,,
165,167,,56,120,16,4379615,63702,75767,503,4455382,64205,2,67697,5732227,72794,2274095,15106,8006322,87900,146,4,14,88889,TRUE,158,158,,,
166,168,,56,120,16,4925043,66683,74320,501,4999363,67184,2,70865,4050930,57257,2486957,16604,6537887,73861,146,4,14,70339,TRUE,159,159,,,
167,169,,56,120,16,4331361,63431,75089,504,4406450,63935,2,67409,5533983,66593,2271111,15104,7805094,81697,146,4,14,80940,TRUE,160,160,,,
168,170,,57,5536,15,60172599,2161372,78974,532,60251573,2161904,6,2314149,89619437,1253566,3897146,25985,93516583,1279551,192,6,15,1696090,TRUE,161,161,,,
169,171,,57,5536,15,61971356,2254521,115304,765,62086660,2255286,5,2415851,64770406,945867,3216095,21429,67986501,967296,166,6,13,1237200,TRUE,162,162,,,
170,172,,57,5536,15,61294476,2213417,84661,573,61379137,2213990,7,2374524,49194445,736970,3125895,20791,52320340,757761,163,6,13,950669,TRUE,163,163,,,
171,173,,58,2084,12,30949070,655160,184337,1230,31133407,656390,8,715824,55631652,839164,1835428,12225,57467080,851389,116,5,11,1076222,TRUE,164,164,,,
172,174,,58,2084,12,34726297,724359,145579,972,34871876,725331,9,790633,54663934,881178,1994734,13265,56658668,894443,121,5,12,1208435,TRUE,165,165,,,
173,175,,58,2084,12,39917933,732177,129093,859,40047026,733036,8,802574,47024012,762705,1720682,11464,48744694,774169,115,5,11,1010053,TRUE,166,166,,,
174,176,,59,351,20,507620,75620,74766,500,582386,76120,1,79400,869492,9926,3918181,26126,4787673,36052,212,4,16,14955,TRUE,167,167,,,
175,177,,59,351,20,507620,75620,75997,500,583617,76120,1,79400,46617,1845,3850239,25619,3896856,27464,211,4,16,5474,TRUE,168,168,,,
176,178,,59,351,20,507620,75620,74821,500,582441,76120,1,79400,1510036,16812,3849806,25659,5359842,42471,210,4,16,23266,TRUE,169,169,,,
177,179,,60,346,13,4957159,101491,75945,506,5033104,101997,3,109411,12349969,156519,1668118,11072,14018087,167591,110,4,12,204944,TRUE,170,170,,,
178,180,,60,346,13,6232306,109281,77901,516,6310207,109797,3,117809,10239158,150643,1672154,11102,11911312,161745,112,4,12,194662,TRUE,171,171,,,
179,181,,60,346,13,5819779,103541,74928,503,5894707,104044,3,111621,16398979,207403,1522601,10123,17921580,217526,115,4,12,261030,TRUE,172,172,,,
180,182,,61,346,13,5109025,101286,75011,505,5184036,101791,3,109190,10041952,132561,1362000,9090,11403952,141651,94,4,10,163196,TRUE,173,173,,,
181,183,,61,346,13,8097267,118301,75626,502,8172893,118803,3,127533,12699762,178181,1514101,10106,14213863,188287,104,4,11,224052,TRUE,174,174,,,
182,184,,61,346,13,4764772,98826,74630,505,4839402,99331,3,106538,15868846,203880,1293450,8600,17162296,212480,102,4,11,244348,TRUE,175,175,,,
183,185,,62,2084,12,9988179,331897,75163,504,10063342,332401,3,362310,73031048,1104056,1540146,10252,74571194,1114308,124,5,11,1454178,TRUE,176,176,,,
184,186,,62,2084,12,29617456,639828,151533,1012,29768989,640840,8,700151,78594432,1109028,1528150,10142,80122582,1119170,127,5,11,1397339,TRUE,177,177,,,
185,187,,62,2084,12,16657418,473399,96760,643,16754178,474042,5,516142,58181327,837025,1594834,10613,59776161,847638,121,5,12,1118146,TRUE,178,178,,,
186,188,,63,364,14,3528364,113458,75617,506,3603981,113964,2,121634,5864994,84631,2494731,16617,8359725,101248,131,4,13,115688,TRUE,179,179,,,
187,189,,63,364,14,3639310,114790,75810,501,3715120,115291,2,123062,4454976,70667,2266135,15098,6721111,85765,129,4,13,101205,TRUE,180,180,,,
188,190,,63,364,14,4747818,120562,76253,503,4824071,121065,2,129250,7105229,94629,2487979,16591,9593208,111220,132,4,13,126031,TRUE,181,181,,,
189,191,,64,234,19,297844,45505,75147,500,372991,46005,1,47899,712631,10266,3468898,23102,4181529,33368,191,4,15,15288,TRUE,182,182,,,
190,192,,64,234,19,297844,45505,74467,500,372311,46005,1,47899,328963,6444,3540069,23625,3869032,30069,191,4,15,10533,TRUE,183,183,,,
191,193,,64,234,19,297844,45505,74992,500,372836,46005,1,47899,768936,9224,3471620,23113,4240556,32337,191,4,15,13770,TRUE,184,184,,,
192,194,,65,1042,11,24604370,428871,95811,647,24700181,429518,9,471361,47244410,727183,944387,6299,48188797,733482,103,4,11,975477,TRUE,185,185,,,
193,195,,65,1042,11,12928090,227959,77849,514,13005939,228473,5,249287,84866792,1224679,1187712,7885,86054504,1232564,113,4,11,1580939,TRUE,186,186,,,
194,196,,65,1042,11,24565239,413805,136801,921,24702040,414726,9,454981,50500061,772661,1105844,7373,51605905,780034,109,4,12,1144293,TRUE,187,187,,,
195,197,,66,216,19,10270835,166022,76215,504,10347050,166526,3,174822,16686667,191759,3097062,20651,19783729,212410,204,3,16,219266,TRUE,188,,,,
196,198,,66,216,19,19515351,256492,82529,552,19597880,257044,4,270088,8208425,108143,3098894,20628,11307319,128771,201,3,16,127290,TRUE,189,,,,
197,199,,66,216,19,13475296,185942,75745,506,13551041,186448,3,195798,7889432,99127,3178025,21137,11067457,120264,199,3,16,115213,TRUE,190,,,,
198,200,,67,216,19,9565563,167682,76540,504,9642103,168186,3,176570,8189744,111301,3245941,21634,11435685,132935,201,3,16,130609,TRUE,191,,,,
199,201,,67,216,19,9303258,161457,75545,506,9378803,161963,3,170015,7107147,99708,3170068,21125,10277215,120833,202,3,16,117288,TRUE,192,,,,
200,202,,67,216,19,17922930,246947,76718,510,17999648,247457,4,260037,4970648,73106,3092762,20632,8063410,93738,200,3,16,87437,TRUE,193,,,,
201,203,,68,173,11,2319343,50297,109356,727,2428699,51024,3,54959,13129881,171969,805840,5352,13935721,177321,78,3,10,218607,TRUE,194,,,,
202,204,,68,173,11,6717757,90765,110894,736,6828651,91501,4,99179,11567312,150486,878720,5840,12446032,156326,84,3,11,191386,TRUE,195,,,,
203,205,,68,173,11,5563064,71437,125084,829,5688148,72266,3,78059,12544745,163116,776072,5149,13320817,168265,78,3,10,206635,TRUE,196,,,,
204,206,,69,173,11,4404735,64491,101159,664,4505894,65155,3,70469,14698743,190520,894207,5974,15592950,196494,87,3,11,238399,TRUE,197,,,,
205,207,,69,173,11,4152358,61471,97412,642,4249770,62113,3,67169,12658057,159746,776063,5164,13434120,164910,82,3,10,192675,TRUE,198,,,,
206,208,,69,173,11,5504344,70833,77467,519,5581811,71352,3,77399,11905349,160763,850335,5646,12755684,166409,86,3,11,209921,TRUE,199,,,,
207,209,,70,149,11,1962551,34981,76611,507,2039162,35488,2,38205,10792163,155151,842318,5603,11634481,160754,90,3,11,189160,TRUE,200,,,,
208,210,,70,149,11,1398521,31174,75037,503,1473558,31677,2,34047,10343170,133220,841933,5612,11185103,138832,85,3,11,172680,TRUE,201,,,,
209,211,,70,149,11,2472305,37942,74979,501,2547284,38443,2,41439,10018874,142208,841712,5607,10860586,147815,87,3,11,185173,TRUE,202,,,,
210,212,,71,149,11,2176476,37764,75593,502,2252069,38266,2,41264,10555430,130978,835674,5582,11391104,136560,84,3,11,167152,TRUE,203,,,,
211,213,,71,149,11,1865256,35650,74562,501,1939818,36151,2,38954,10019224,132469,836059,5569,10855283,138038,84,3,11,168068,TRUE,204,,,,
212,214,,71,149,11,2883042,41388,74793,501,2957835,41889,2,45224,15755690,198153,851769,5687,16607459,203840,88,3,11,241571,TRUE,205,,,,
213,215,,72,173,11,4539172,65397,77339,508,4616511,65905,3,71459,10246835,147364,838257,5578,11085092,152942,87,3,11,178902,TRUE,206,,,,
214,216,,72,173,11,5710454,72192,74881,506,5785335,72698,3,78884,12109816,153133,839136,5592,12948952,158725,85,3,11,195617,TRUE,207,,,,
215,217,,72,173,11,3013732,43804,76024,504,3089756,44308,2,47864,7107861,115067,843262,5591,7951123,120658,85,3,11,159361,TRUE,208,,,,
216,218,,73,149,11,3815383,57259,76651,505,3892034,57764,3,62537,9907125,134779,840701,5587,10747826,140366,86,3,11,175773,TRUE,209,,,,
217,219,,73,149,11,2764135,39493,76084,504,2840219,39997,2,43133,9254766,131107,846042,5607,10100808,136714,85,3,11,167140,TRUE,210,,,,
218,220,,73,149,11,2849367,50773,75348,510,2924715,51283,3,55453,9591350,116752,838265,5586,10429615,122338,83,3,11,150119,TRUE,211,,,,
219,221,,74,117,17,110126,18224,75651,500,185777,18724,1,19295,452269,7302,2573198,17118,3025467,24420,157,3,14,11275,TRUE,212,,,,
220,222,,74,117,17,110126,18224,75712,500,185838,18724,1,19295,790458,9411,2865723,19109,3656181,28520,166,3,15,13927,TRUE,213,,,,
221,223,,74,117,17,110126,18224,75545,500,185671,18724,1,19295,46296,1530,2419603,16107,2465899,17637,156,3,14,4467,TRUE,214,,,,
222,224,,75,149,11,1688657,34593,74879,501,1763536,35094,2,37799,12045699,156127,847941,5640,12893640,161767,88,3,11,197913,TRUE,215,,,,
223,225,,75,149,11,4309129,61622,76929,507,4386058,62129,3,67334,8394121,117480,842496,5601,9236617,123081,83,3,11,147188,TRUE,216,,,,
224,226,,75,149,11,5616877,69625,76029,508,5692906,70133,3,76079,10481184,140323,842278,5588,11323462,145911,85,3,11,176190,TRUE,217,,,,
225,45,36,76,14304,25,114901519,6461218,85386,563,114986905,6461781,4,6720778,19750535,244487,6185267,41215,25935802,285702,335,8,20,309395,TRUE,36,36,36,36,36
226,76,67,78,2496,23,3893463,474007,74546,500,3968009,474507,1,494615,1278571,17971,8957221,59667,10235792,77638,355,9,21,29575,TRUE,67,67,67,67,67
