,Unnamed: 0.6,Unnamed: 0.5,Unnamed: 0.4,Unnamed: 0.3,Unnamed: 0.2,Unnamed: 0.1,Unnamed: 0,FILE_NAME,STATES,INPUTS,LSTAR_MQ_SYM,LSTAR_MQ_RST,LSTAR_EQ_SYM,LSTAR_EQ_RST,LSTAR_TOTAL_SYM,LSTAR_TOTAL_RST,LSTAR_EQs,LSTAR_MQs,CLSTAR_MQ_SYM,CLSTAR_MQ_RST,CLSTAR_EQ_SYM,CLSTAR_EQ_RST,CLSTAR_TOTAL_SYM,CLSTAR_TOTAL_RST,CLSTAR_EQs,CLSTAR_COMPONENTS,CLSTAR_ROUNDS,CLSTAR_MQs,CACHE
0,0.0,80.0,80.0,80.0,,,,1,2160,21,9658840,153670,75104,501,9733944,154171,2,161054,18989743,229067,5205634,34681,24195377,263748,378,6,21,289858,True
1,1.0,81.0,81.0,81.0,,,,2,1920,21,48687973,1211645,75397,501,48763370,1212146,2,1270109,38690258,479455,11303758,75315,49994016,554770,509,6,29,605959,True
2,2.0,82.0,82.0,82.0,,,,3,2160,21,24161459,468314,76541,501,24238000,468815,2,490882,28169107,349301,8074784,53747,36243891,403048,413,6,25,445314,True
3,3.0,83.0,83.0,83.0,,,,4,2700,21,98913832,1702456,75927,501,98989759,1702957,2,1786374,39704806,485429,11148579,74270,50853385,559699,509,6,29,613552,True
4,4.0,84.0,84.0,84.0,,,,5,2880,21,98749780,1874866,74629,501,98824409,1875367,2,1968991,38635494,489163,9497889,63280,48133383,552443,465,6,29,609899,True
5,5.0,85.0,85.0,85.0,,,,6,3456,21,39814055,827678,76260,505,39890315,828183,3,870943,33399329,404402,8016588,53420,41415917,457822,437,6,26,518562,True
6,6.0,86.0,86.0,86.0,,,,7,3375,21,32268797,771523,74882,501,32343679,772024,2,810842,25359057,327106,7092977,47250,32452034,374356,393,6,23,415860,True
7,7.0,87.0,87.0,87.0,,,,8,2160,21,41255519,1368799,74863,501,41330382,1369300,2,1435485,38716596,484890,10768990,71784,49485586,556674,497,6,29,609892,True
8,8.0,88.0,88.0,88.0,,,,9,3240,21,62999489,2087866,75058,501,63074547,2088367,2,2193439,37618214,455408,9797512,65248,47415726,520656,466,6,28,568263,True
9,9.0,89.0,89.0,89.0,,,,10,3240,21,10338078,254085,75368,501,10413446,254586,2,266770,16180470,201630,5201802,34670,21382272,236300,330,6,20,250884,True
10,10.0,90.0,90.0,90.0,,,,11,1944,21,45719669,1236309,75034,501,45794703,1236810,2,1298124,37733456,472375,9939076,66266,47672532,538641,431,6,28,585774,True
11,11.0,91.0,91.0,91.0,,,,12,3600,21,96225194,2391025,74076,503,96299270,2391528,3,2511967,45245314,546467,11760978,78304,57006292,624771,531,6,31,693091,True
12,12.0,92.0,92.0,92.0,,,,13,2160,21,18938064,465462,76445,501,19014509,465963,2,488279,29721957,367567,8364501,55736,38086458,423303,460,6,26,468519,True
13,13.0,93.0,93.0,93.0,,,,14,3600,21,25386882,798419,74820,501,25461702,798920,2,837343,28176822,359447,8294212,55239,36471034,414686,432,6,25,457402,True
14,14.0,94.0,94.0,94.0,,,,15,2880,21,12117210,134760,76371,501,12193581,135261,2,141316,10280601,131534,3253247,21663,13533848,153197,289,6,16,169684,True
15,15.0,95.0,95.0,95.0,,,,16,2700,21,65480411,1707785,74872,501,65555283,1708286,2,1794186,42331099,528415,11379462,75772,53710561,604187,487,6,30,663754,True
16,16.0,96.0,96.0,96.0,,,,17,3240,21,18214025,421904,74339,502,18288364,422406,3,444012,20472338,253501,6493042,43279,26965380,296780,369,6,24,318081,True
17,17.0,97.0,97.0,97.0,,,,18,3240,21,61947530,2093510,74379,501,62021909,2094011,2,2198143,42499507,522839,12487456,83298,54986963,606137,505,6,31,662087,True
18,18.0,98.0,98.0,98.0,,,,19,3375,21,95386366,2246486,75299,501,95461665,2246987,2,2360390,31994850,397982,11434215,76245,43429065,474227,452,6,29,499975,True
19,19.0,99.0,99.0,99.0,,,,20,972,21,7738154,112554,73448,501,7811602,113055,2,117962,18493862,225990,5579464,37189,24073326,263179,379,6,21,289484,True
20,20.0,,,0.0,0.0,0.0,0.0,21,2743,10,3417513,81951,74970,501,3492483,82452,2,90950,4532102,53929,1668423,11079,6200525,65008,91,4,9,77588,True
21,21.0,,,1.0,1.0,1.0,1.0,22,2685,10,38738513,621865,77629,512,38816142,622377,3,701024,9257228,108631,3022212,20128,12279440,128759,132,4,13,152074,True
22,22.0,,,2.0,2.0,2.0,2.0,23,2744,10,38254298,683903,74295,502,38328593,684405,3,771956,10232888,121072,2936331,19604,13169219,140676,141,4,13,173429,True
23,23.0,,,3.0,3.0,3.0,3.0,24,2352,10,38219203,522000,74896,501,38294099,522501,2,591024,7737051,96984,2793887,18594,10530938,115578,127,4,13,135680,True
24,24.0,,,4.0,4.0,4.0,4.0,25,2058,10,22140066,502035,75301,501,22215367,502536,2,563246,7974904,97303,3093794,20599,11068698,117902,141,4,13,141615,True
25,25.0,,,5.0,5.0,5.0,5.0,26,1714,10,17377527,397108,74789,502,17452316,397610,3,444503,6601032,79954,3088937,20605,9689969,100559,136,4,13,112233,True
26,26.0,,,6.0,6.0,6.0,6.0,27,3072,10,39551436,700538,75350,502,39626786,701040,3,784343,7668564,90145,2861216,19099,10529780,109244,128,4,12,129499,True
27,27.0,,,7.0,7.0,7.0,7.0,28,2016,10,25587547,481224,74970,502,25662517,481726,3,539774,6871105,86561,2563663,17130,9434768,103691,128,4,12,124537,True
28,28.0,,,8.0,8.0,8.0,8.0,29,2352,10,20985893,528911,74633,501,21060526,529412,2,591274,7976017,96683,3092643,20598,11068660,117281,133,4,13,138362,True
29,29.0,,,9.0,9.0,9.0,9.0,30,1763,10,15782679,386022,76159,502,15858838,386524,3,434492,7382372,88661,2499811,16613,9882183,105274,122,4,12,124754,True
30,30.0,,,10.0,10.0,10.0,10.0,31,2016,10,23220145,490499,75281,503,23295426,491002,3,556165,7483056,92169,2713812,18101,10196868,110270,123,4,12,129134,True
31,31.0,,,11.0,11.0,11.0,11.0,32,2346,10,4287050,86182,75687,501,4362737,86683,2,96381,4817450,58345,1365054,9074,6182504,67419,89,4,9,82010,True
32,32.0,,,12.0,12.0,12.0,12.0,33,1728,10,18410269,423633,76316,502,18486585,424135,3,473774,6311115,81779,3235303,21611,9546418,103390,127,4,13,114720,True
33,33.0,,,13.0,13.0,13.0,13.0,34,2304,10,19408581,478999,75779,501,19484360,479500,2,535692,19768206,537797,1811348,12088,21579554,549885,106,4,10,630422,True
34,34.0,,,14.0,14.0,14.0,14.0,35,3136,10,47489759,765318,76364,503,47566123,765821,3,866865,7800449,95442,2870678,19109,10671127,114551,123,4,12,135331,True
35,35.0,,,15.0,15.0,15.0,15.0,36,2304,10,19752345,543415,74483,502,19826828,543917,3,613524,7412685,89844,2489415,16590,9902100,106434,111,4,12,120959,True
36,36.0,,,16.0,16.0,16.0,16.0,37,1764,10,20556336,459942,75173,502,20631509,460444,3,517616,7016477,89689,3172008,21123,10188485,110812,140,4,13,130366,True
37,37.0,,,17.0,17.0,17.0,17.0,38,1763,10,23505221,393092,75998,504,23581219,393596,3,437161,6911924,84291,2950184,19601,9862108,103892,137,4,13,120465,True
38,38.0,,,18.0,18.0,18.0,18.0,39,2744,10,43556093,669328,75300,502,43631393,669830,3,757405,7227313,87286,2418073,16100,9645386,103386,119,4,12,121113,True
39,39.0,,,19.0,19.0,19.0,19.0,40,1764,10,13071724,397549,75447,501,13147171,398050,2,446274,8468331,102918,3005284,20105,11473615,123023,141,4,13,150114,True
40,40.0,,,40.0,40.0,,,41,3125,15,11815905,298070,75793,502,11891698,298572,3,321191,13954281,166732,3853059,25641,17807340,192373,214,5,16,219436,True
41,41.0,,,41.0,41.0,,,42,3750,15,10188617,274695,75438,501,10264055,275196,2,295149,13459972,163666,4142946,27642,17602918,191308,227,5,17,217507,True
42,42.0,,,42.0,42.0,,,43,3750,15,100990740,1597478,75572,504,101066312,1597982,3,1720453,19160903,240771,5949002,39672,25109905,280443,257,5,20,316880,True
43,43.0,,,43.0,43.0,,,44,3750,15,80756028,1540914,76011,502,80832039,1541416,3,1660707,18527759,230071,5354486,35660,23882245,265731,255,5,19,309317,True
44,44.0,,,44.0,44.0,,,45,3750,15,128621843,1702788,75975,502,128697818,1703290,3,1835385,19189528,235408,6421783,42693,25611311,278101,279,5,20,311805,True
45,45.0,,,45.0,45.0,,,46,3750,15,13097846,321902,75737,502,13173583,322404,3,345565,13192373,160063,3849076,25654,17041449,185717,199,5,16,211109,True
46,46.0,,,46.0,46.0,,,47,3750,15,104516107,1673371,74899,503,104591006,1673874,3,1807950,18756298,226913,6253273,41673,25009571,268586,254,5,20,297194,True
47,47.0,,,47.0,47.0,,,48,3750,15,70239074,1523972,76331,501,70315405,1524473,2,1639108,18475414,231443,5567100,37159,24042514,268602,236,5,18,306142,True
48,48.0,,,48.0,48.0,,,49,3750,15,25717413,357362,76072,505,25793485,357867,3,384371,12707674,154143,4003076,26654,16710750,180797,215,5,16,203011,True
49,49.0,,,49.0,49.0,,,50,3750,15,56895667,1640369,74769,502,56970436,1640871,3,1763129,19010958,239293,6641397,44278,25652355,283571,289,5,21,317733,True
50,50.0,,,50.0,50.0,,,51,3750,15,66414683,1626408,75029,503,66489712,1626911,3,1756829,19582223,240867,6256267,41674,25838490,282541,280,5,21,322529,True
51,51.0,,,51.0,51.0,,,52,3750,15,69777697,1734382,77410,516,69855107,1734898,4,1867470,21886975,264943,5510760,36692,27397735,301635,263,5,20,347260,True
52,,,,,,,,53,3750,15,9786512,305486,75633,501,9862145,305987,2,328047,11455065,147637,3770440,25138,15225505,172775,189,5,15,195038,True
53,,,,,,,,54,3750,15,86223431,1634462,74775,502,86298206,1634964,3,1761329,14509033,180159,4143777,27639,18652810,207798,202,5,16,232670,True
54,,,,,,,,55,3750,15,82867981,1539378,75346,502,82943327,1539880,3,1653567,20405369,247082,6859115,45713,27264484,292795,310,5,21,332779,True
55,,,,,,,,56,3750,15,88732512,1651339,74481,506,88806993,1651845,3,1780679,20303498,251241,5727616,38201,26031114,289442,273,5,21,329505,True
56,,,,,,,,57,3750,15,13260147,288364,75618,501,13335765,288865,2,309685,11080054,141281,3317849,22130,14397903,163411,203,5,15,189562,True
57,,,,,,,,58,3715,15,16342839,299569,75687,501,16418526,300070,2,321775,12297316,146247,3547639,23628,15844955,169875,193,5,15,190275,True
58,,,,,,,,59,3750,15,72022744,1539976,75355,507,72098099,1540483,3,1655247,18677505,236889,6261486,41699,24938991,278588,295,5,21,319769,True
59,,,,,,,,60,3750,15,69343895,1592267,74068,502,69417963,1592769,3,1708273,20721408,248936,6553965,43687,27275373,292623,295,5,21,338684,True
