,Unnamed: 0.1,Unnamed: 0,FILE_NAME,STATES,INPUTS,LSTAR_MQ_SYM,LSTAR_MQ_RST,LSTAR_EQ_SYM,LSTAR_EQ_RST,LSTAR_TOTAL_SYM,LSTAR_TOTAL_RST,LSTAR_EQs,LSTAR_MQs,CLSTAR_MQ_SYM,CLSTAR_MQ_RST,CLSTAR_EQ_SYM,CLSTAR_EQ_RST,CLSTAR_TOTAL_SYM,CLSTAR_TOTAL_RST,CLSTAR_EQs,CLSTAR_COMPONENTS,CLSTAR_ROUNDS,CLSTAR_MQs,CACHE
0,0.0,0.0,1,2743,10,3417513,81951,74970,501,3492483,82452,2,90950,4532102,53929,1668423,11079,6200525,65008,91,4,9,77588,True
1,1.0,1.0,2,2685,10,38738513,621865,77629,512,38816142,622377,3,701024,9257228,108631,3022212,20128,12279440,128759,132,4,13,152074,True
2,2.0,2.0,3,2744,10,38254298,683903,74295,502,38328593,684405,3,771956,10232888,121072,2936331,19604,13169219,140676,141,4,13,173429,True
3,3.0,3.0,4,2352,10,38219203,522000,74896,501,38294099,522501,2,591024,7737051,96984,2793887,18594,10530938,115578,127,4,13,135680,True
4,4.0,4.0,5,2058,10,22140066,502035,75301,501,22215367,502536,2,563246,7974904,97303,3093794,20599,11068698,117902,141,4,13,141615,True
5,5.0,5.0,6,1714,10,17377527,397108,74789,502,17452316,397610,3,444503,6601032,79954,3088937,20605,9689969,100559,136,4,13,112233,True
6,6.0,6.0,7,3072,10,39551436,700538,75350,502,39626786,701040,3,784343,7668564,90145,2861216,19099,10529780,109244,128,4,12,129499,True
7,7.0,7.0,8,2016,10,25587547,481224,74970,502,25662517,481726,3,539774,6871105,86561,2563663,17130,9434768,103691,128,4,12,124537,True
8,8.0,8.0,9,2352,10,20985893,528911,74633,501,21060526,529412,2,591274,7976017,96683,3092643,20598,11068660,117281,133,4,13,138362,True
9,9.0,9.0,10,1763,10,15782679,386022,76159,502,15858838,386524,3,434492,7382372,88661,2499811,16613,9882183,105274,122,4,12,124754,True
10,10.0,10.0,11,2016,10,23220145,490499,75281,503,23295426,491002,3,556165,7483056,92169,2713812,18101,10196868,110270,123,4,12,129134,True
11,11.0,11.0,12,2346,10,4287050,86182,75687,501,4362737,86683,2,96381,4817450,58345,1365054,9074,6182504,67419,89,4,9,82010,True
12,12.0,12.0,13,1728,10,18410269,423633,76316,502,18486585,424135,3,473774,6311115,81779,3235303,21611,9546418,103390,127,4,13,114720,True
13,13.0,13.0,14,2304,10,19408581,478999,75779,501,19484360,479500,2,535692,19768206,537797,1811348,12088,21579554,549885,106,4,10,630422,True
14,14.0,14.0,15,3136,10,47489759,765318,76364,503,47566123,765821,3,866865,7800449,95442,2870678,19109,10671127,114551,123,4,12,135331,True
15,15.0,15.0,16,2304,10,19752345,543415,74483,502,19826828,543917,3,613524,7412685,89844,2489415,16590,9902100,106434,111,4,12,120959,True
16,16.0,16.0,17,1764,10,20556336,459942,75173,502,20631509,460444,3,517616,7016477,89689,3172008,21123,10188485,110812,140,4,13,130366,True
17,17.0,17.0,18,1763,10,23505221,393092,75998,504,23581219,393596,3,437161,6911924,84291,2950184,19601,9862108,103892,137,4,13,120465,True
18,18.0,18.0,19,2744,10,43556093,669328,75300,502,43631393,669830,3,757405,7227313,87286,2418073,16100,9645386,103386,119,4,12,121113,True
19,19.0,19.0,20,1764,10,13071724,397549,75447,501,13147171,398050,2,446274,8468331,102918,3005284,20105,11473615,123023,141,4,13,150114,True
20,20.0,,21,2160,21,8794565,157926,74786,501,8869351,158427,2,165676,18333452,220591,5423579,36180,23757031,256771,345,6,21,276654,True
21,21.0,,22,2160,21,5955316,137981,74079,501,6029395,138482,2,144611,17225740,219534,4688821,31224,21914561,250758,329,6,20,273497,True
22,22.0,,23,2880,21,66903364,1873405,74587,501,66977951,1873906,2,1967647,41858975,508668,10767917,71790,52626892,580458,465,6,28,642813,True
23,23.0,,24,2160,21,14816823,444323,73939,501,14890762,444824,2,465913,28209172,336084,7843275,52237,36052447,388321,408,6,24,429163,True
24,24.0,,25,2880,21,56354373,1811353,74362,501,56428735,1811854,2,1902903,43953047,526754,12039855,80288,55992902,607042,520,6,31,666601,True
25,25.0,,26,3600,21,113921414,2402815,74228,501,113995642,2403316,2,2528789,41813445,517799,11355081,75776,53168526,593575,477,6,29,656002,True
26,26.0,,27,3840,21,21755487,600252,74931,501,21830418,600753,2,630029,25396593,325962,7769703,51743,33166296,377705,432,6,25,420099,True
27,27.0,,28,2025,21,10403872,413747,76017,501,10479889,414248,2,434245,29919917,369505,7696037,51240,37615954,420745,449,6,26,465549,True
28,28.0,,29,2880,21,41519096,1283918,75650,501,41594746,1284419,2,1347136,37634338,472508,12181004,81286,49815342,553794,507,6,31,596557,True
29,29.0,,30,1620,21,21937135,362845,75215,501,22012350,363346,2,380653,27895809,337162,7771745,51737,35667554,388899,431,6,26,422221,True
30,30.0,,31,2160,21,50770869,1432158,73982,502,50844851,1432660,3,1506444,40487345,500975,11300097,75297,51787442,576272,475,6,30,631332,True
31,31.0,,32,1215,21,15422351,335432,75945,502,15498296,335934,3,351651,27428718,340615,8748525,58260,36177243,398875,441,6,26,433289,True
32,32.0,,33,2700,21,9288759,109299,74839,501,9363598,109800,2,114560,8721776,113512,3027984,20174,11749760,133686,267,6,15,145577,True
33,33.0,,34,2700,21,36367283,587765,75995,501,36443278,588266,2,616799,30997096,380638,7232366,48237,38229462,428875,439,6,26,483087,True
34,34.0,,35,1728,21,12112299,283556,73873,501,12186172,284057,2,297220,28639402,351482,8588148,57256,37227550,408738,449,6,26,446069,True
35,35.0,,36,1620,21,3133452,88074,75755,501,3209207,88575,2,92299,17715089,221954,5662702,37761,23377791,259715,359,6,21,283039,True
36,36.0,,37,972,21,17144061,573930,74761,501,17218822,574431,2,601551,42981434,511115,12270645,81808,55252079,592923,541,6,31,644648,True
37,37.0,,38,3840,21,111292055,2484388,76526,502,111368581,2484890,3,2610540,42058549,515415,10011181,66818,52069730,582233,527,6,29,654242,True
38,38.0,,39,3000,21,7874800,410612,74712,501,7949512,411113,2,431579,28400444,339673,7180154,47815,35580598,387488,389,6,24,424361,True
39,39.0,,40,2700,21,33347365,615689,75089,501,33422454,616190,2,646495,28676391,350172,7922677,52715,36599068,402887,418,6,26,439565,True
40,,,41,3125,15,11815905,298070,75793,502,11891698,298572,3,321191,13954281,166732,3853059,25641,17807340,192373,214,5,16,219436,True
41,,,42,3750,15,10188617,274695,75438,501,10264055,275196,2,295149,13459972,163666,4142946,27642,17602918,191308,227,5,17,217507,True
42,,,43,3750,15,100990740,1597478,75572,504,101066312,1597982,3,1720453,19160903,240771,5949002,39672,25109905,280443,257,5,20,316880,True
43,,,44,3750,15,80756028,1540914,76011,502,80832039,1541416,3,1660707,18527759,230071,5354486,35660,23882245,265731,255,5,19,309317,True
44,,,45,3750,15,128621843,1702788,75975,502,128697818,1703290,3,1835385,19189528,235408,6421783,42693,25611311,278101,279,5,20,311805,True
45,,,46,3750,15,13097846,321902,75737,502,13173583,322404,3,345565,13192373,160063,3849076,25654,17041449,185717,199,5,16,211109,True
46,,,47,3750,15,104516107,1673371,74899,503,104591006,1673874,3,1807950,18756298,226913,6253273,41673,25009571,268586,254,5,20,297194,True
47,,,48,3750,15,70239074,1523972,76331,501,70315405,1524473,2,1639108,18475414,231443,5567100,37159,24042514,268602,236,5,18,306142,True
48,,,49,3750,15,25717413,357362,76072,505,25793485,357867,3,384371,12707674,154143,4003076,26654,16710750,180797,215,5,16,203011,True
49,,,50,3750,15,56895667,1640369,74769,502,56970436,1640871,3,1763129,19010958,239293,6641397,44278,25652355,283571,289,5,21,317733,True
50,,,51,3750,15,66414683,1626408,75029,503,66489712,1626911,3,1756829,19582223,240867,6256267,41674,25838490,282541,280,5,21,322529,True
51,,,52,3750,15,69777697,1734382,77410,516,69855107,1734898,4,1867470,21886975,264943,5510760,36692,27397735,301635,263,5,20,347260,True
