"FILE_NAME","STATES","INPUTS","LSTAR_MQ_SYM","LSTAR_MQ_RST","LSTAR_EQ_SYM","LSTAR_EQ_RST","LSTAR_TOTAL_SYM","LSTAR_TOTAL_RST","LSTAR_EQs","LSTAR_MQs","CLSTAR_MQ_SYM","CLSTAR_MQ_RST","CLSTAR_EQ_SYM","CLSTAR_EQ_RST","CLSTAR_TOTAL_SYM","CLSTAR_TOTAL_RST","CLSTAR_EQs","CLSTAR_COMPONENTS","CLSTAR_ROUNDS","CLSTAR_MQs","CACHE"
"Test-Generating/data/Point-To-Point/1.txt","20","3","368582","3750","75031","501","443613","4251","2","5327","300255","3516","304005","2021","604260","5537","15","2","3","6973","true"
"Test-Generating/data/Point-To-Point/1.txt","20","3","323414","3485","75497","501","398911","3986","2","4949","236199","2878","301763","2019","537962","4897","14","2","3","5298","true"
"Test-Generating/data/Point-To-Point/1.txt","20","3","190483","2705","73833","501","264316","3206","2","3842","237651","3022","304600","2026","542251","5048","14","2","3","5494","true"
"Test-Generating/data/Point-To-Point/2.txt","8","3","115264","1734","74402","501","189666","2235","2","2399","155465","1820","303349","2016","458814","3836","12","2","3","3078","true"
"Test-Generating/data/Point-To-Point/2.txt","8","3","78901","1435","76145","501","155046","1936","2","1985","97113","1498","303775","2019","400888","3517","12","2","3","2531","true"
"Test-Generating/data/Point-To-Point/2.txt","8","3","134979","1851","75153","501","210132","2352","2","2561","68776","918","302759","2015","371535","2933","11","2","3","1553","true"
"Test-Generating/data/Point-To-Point/3.txt","11","3","126716","1665","75126","501","201842","2166","2","2269","34764","588","151030","1020","185794","1608","8","2","2","952","true"
"Test-Generating/data/Point-To-Point/3.txt","11","3","98447","1467","74490","501","172937","1968","2","1999","81830","906","154616","1022","236446","1928","8","2","2","1457","true"
"Test-Generating/data/Point-To-Point/3.txt","11","3","151131","1808","75100","501","226231","2309","2","2464","62481","804","155233","1019","217714","1823","8","2","2","1291","true"
"Test-Generating/data/Point-To-Point/4.txt","20","3","271444","2841","75106","501","346550","3342","2","3975","160727","2175","302527","2025","463254","4200","13","2","3","3615","true"
"Test-Generating/data/Point-To-Point/4.txt","20","3","249096","2721","75486","501","324582","3222","2","3807","289647","3028","305680","2021","595327","5049","13","2","3","4950","true"
"Test-Generating/data/Point-To-Point/4.txt","20","3","260150","2781","76430","501","336580","3282","2","3891","215674","2555","303994","2020","519668","4575","13","2","3","4184","true"
"Test-Generating/data/Point-To-Point/5.txt","10","3","160386","1863","74255","501","234641","2364","2","2539","84626","1091","152649","1019","237275","2110","9","2","2","2018","true"
"Test-Generating/data/Point-To-Point/5.txt","10","3","96667","1565","75232","501","171899","2066","2","2165","104018","1182","153398","1012","257416","2194","9","2","2","2118","true"
"Test-Generating/data/Point-To-Point/5.txt","10","3","262488","2592","76099","501","338587","3093","2","3587","70372","987","155025","1018","225397","2005","9","2","2","1874","true"
"Test-Generating/data/Point-To-Point/6.txt","16","3","195270","3366","75165","503","270435","3869","3","4710","242102","2936","302543","2023","544645","4959","16","2","3","5865","true"
"Test-Generating/data/Point-To-Point/6.txt","16","3","367101","4476","75571","502","442672","4978","3","6264","295991","3713","304471","2020","600462","5733","17","2","3","6854","true"
"Test-Generating/data/Point-To-Point/6.txt","16","3","87894","1656","75007","501","162901","2157","2","2316","389396","4337","305904","2020","695300","6357","17","2","3","8079","true"
"Test-Generating/data/Point-To-Point/7.txt","4","3","48","21","76091","500","76139","521","1","27","34","14","151234","1014","151268","1028","7","2","2","34","true"
"Test-Generating/data/Point-To-Point/7.txt","4","3","48","21","75669","500","75717","521","1","27","124","25","153809","1019","153933","1044","7","2","2","43","true"
"Test-Generating/data/Point-To-Point/7.txt","4","3","48","21","75104","500","75152","521","1","27","55","19","153266","1012","153321","1031","7","2","2","37","true"
"Test-Generating/data/Point-To-Point/8.txt","20","3","153681","2317","73888","501","227569","2818","2","3271","279773","3232","305946","2022","585719","5254","14","2","3","5769","true"
"Test-Generating/data/Point-To-Point/8.txt","20","3","294823","2976","74532","501","369355","3477","2","4164","211267","2785","304516","2018","515783","4803","14","2","3","4934","true"
"Test-Generating/data/Point-To-Point/8.txt","20","3","160404","2336","74606","501","235010","2837","2","3295","283858","3227","302725","2020","586583","5247","15","2","3","6129","true"
"Test-Generating/data/Point-To-Point/9.txt","20","3","266566","3162","75722","501","342288","3663","2","4490","324137","3517","305375","2026","629512","5543","15","2","3","6593","true"
"Test-Generating/data/Point-To-Point/9.txt","20","3","142933","2326","75672","501","218605","2827","2","3302","257245","3083","305186","2023","562431","5106","15","2","3","5921","true"
"Test-Generating/data/Point-To-Point/9.txt","20","3","195734","2725","74732","501","270466","3226","2","3869","278665","3367","302696","2021","581361","5388","14","2","3","5982","true"
"Test-Generating/data/Point-To-Point/10.txt","15","3","306795","4295","75979","504","382774","4799","3","6012","221019","2730","302451","2015","523470","4745","16","2","3","5338","true"
"Test-Generating/data/Point-To-Point/10.txt","15","3","369382","4699","76968","505","446350","5204","3","6579","369118","4641","305102","2025","674220","6666","18","2","3","8705","true"
"Test-Generating/data/Point-To-Point/10.txt","15","3","81756","1626","74415","501","156171","2127","2","2274","372199","4628","304322","2026","676521","6654","18","2","3","8639","true"
"Test-Generating/data/Point-To-Point/11.txt","13","3","268917","2811","74331","501","343248","3312","2","3933","93578","1139","151497","1009","245075","2148","8","2","2","1958","true"
"Test-Generating/data/Point-To-Point/11.txt","13","3","149574","2091","75475","501","225049","2592","2","2925","108023","1236","153140","1017","261163","2253","8","2","2","2116","true"
"Test-Generating/data/Point-To-Point/11.txt","13","3","137133","2001","76156","501","213289","2502","2","2799","38211","721","152262","1014","190473","1735","8","2","2","1246","true"
"Test-Generating/data/Point-To-Point/12.txt","14","3","142284","1903","75462","501","217746","2404","2","2633","40624","699","153289","1013","193913","1712","8","2","2","1174","true"
"Test-Generating/data/Point-To-Point/12.txt","14","3","114939","1721","74729","501","189668","2222","2","2381","122966","1221","151900","1017","274866","2238","8","2","2","2037","true"
"Test-Generating/data/Point-To-Point/12.txt","14","3","86161","1487","74400","501","160561","1988","2","2057","88941","1032","154729","1022","243670","2054","8","2","2","1731","true"
"Test-Generating/data/Point-To-Point/13.txt","16","3","185446","2346","75663","501","261109","2847","2","3282","152624","2103","304726","2026","457350","4129","13","2","3","3411","true"
"Test-Generating/data/Point-To-Point/13.txt","16","3","150127","1968","75612","501","225739","2469","2","2723","204734","2589","304239","2020","508973","4609","13","2","3","4283","true"
"Test-Generating/data/Point-To-Point/13.txt","16","3","183399","2176","75167","501","258566","2677","2","3011","304527","3192","303458","2017","607985","5209","13","2","3","5285","true"
"Test-Generating/data/Point-To-Point/14.txt","8","3","244951","2514","74545","501","319496","3015","2","3479","66208","900","153483","1018","219691","1918","8","2","2","1501","true"
"Test-Generating/data/Point-To-Point/14.txt","8","3","242387","2488","76565","501","318952","2989","2","3443","107606","1141","153756","1020","261362","2161","8","2","2","1910","true"
"Test-Generating/data/Point-To-Point/14.txt","8","3","110071","1682","75550","501","185621","2183","2","2327","104198","1117","151940","1016","256138","2133","8","2","2","1869","true"
"Test-Generating/data/Point-To-Point/15.txt","15","3","125487","1911","74637","501","200124","2412","2","2673","131783","1924","303815","2017","435598","3941","13","2","3","3761","true"
"Test-Generating/data/Point-To-Point/15.txt","15","3","292121","2931","75107","501","367228","3432","2","4101","261700","2780","301827","2018","563527","4798","13","2","3","5248","true"
"Test-Generating/data/Point-To-Point/15.txt","15","3","195321","2406","75589","501","270910","2907","2","3366","199341","2391","302338","2018","501679","4409","13","2","3","4435","true"
"Test-Generating/data/Point-To-Point/16.txt","10","3","21","12","74475","500","74496","512","1","15","9","6","77127","511","77136","517","4","2","1","9","true"
"Test-Generating/data/Point-To-Point/16.txt","10","3","21","12","74671","500","74692","512","1","15","9","6","79307","520","79316","526","4","2","1","9","true"
"Test-Generating/data/Point-To-Point/16.txt","10","3","21","12","75903","500","75924","512","1","15","9","6","77523","510","77532","516","4","2","1","9","true"
"Test-Generating/data/Point-To-Point/17.txt","4","3","21","12","75534","500","75555","512","1","15","9","6","78004","519","78013","525","4","2","1","9","true"
"Test-Generating/data/Point-To-Point/17.txt","4","3","21","12","74544","500","74565","512","1","15","9","6","79433","520","79442","526","4","2","1","9","true"
"Test-Generating/data/Point-To-Point/17.txt","4","3","21","12","75347","500","75368","512","1","15","9","6","78787","517","78796","523","4","2","1","9","true"
"Test-Generating/data/Point-To-Point/18.txt","12","3","262887","2592","74966","501","337853","3093","2","3587","95402","1062","154309","1017","249711","2079","8","2","2","1779","true"
"Test-Generating/data/Point-To-Point/18.txt","12","3","89180","1513","74813","501","163993","2014","2","2093","66039","889","152001","1020","218040","1909","8","2","2","1487","true"
"Test-Generating/data/Point-To-Point/18.txt","12","3","87664","1500","75851","501","163515","2001","2","2075","109830","1143","153822","1017","263652","2160","8","2","2","1913","true"
"Test-Generating/data/Point-To-Point/19.txt","20","3","345781","3635","75377","501","421158","4136","2","5165","318558","3521","304114","2024","622672","5545","15","2","3","6556","true"
"Test-Generating/data/Point-To-Point/19.txt","20","3","120266","2117","75316","501","195582","2618","2","3005","169649","2539","304295","2019","473944","4558","15","2","3","4992","true"
"Test-Generating/data/Point-To-Point/19.txt","20","3","161743","2440","75314","501","237057","2941","2","3464","259781","3108","303186","2021","562967","5129","15","2","3","5995","true"
"Test-Generating/data/Point-To-Point/20.txt","9","3","244519","2501","74738","501","319257","3002","2","3461","86885","1019","151769","1018","238654","2037","8","2","2","1704","true"
"Test-Generating/data/Point-To-Point/20.txt","9","3","162169","2033","75551","501","237720","2534","2","2813","105089","1116","154682","1025","259771","2141","8","2","2","1869","true"
"Test-Generating/data/Point-To-Point/20.txt","9","3","160167","2033","74716","501","234883","2534","2","2813","37748","669","153459","1024","191207","1693","8","2","2","1122","true"
"Test-Generating/data/Point-To-Point/21.txt","12","3","48","21","75375","500","75423","521","1","27","12","7","79425","521","79437","528","4","2","1","11","true"
"Test-Generating/data/Point-To-Point/21.txt","12","3","48","21","76019","500","76067","521","1","27","12","7","78218","513","78230","520","4","2","1","11","true"
"Test-Generating/data/Point-To-Point/21.txt","12","3","48","21","75105","500","75153","521","1","27","12","7","78732","513","78744","520","4","2","1","11","true"
"Test-Generating/data/Point-To-Point/22.txt","20","3","90764","1591","74604","501","165368","2092","2","2201","259334","2909","305887","2030","565221","4939","16","2","3","5583","true"
"Test-Generating/data/Point-To-Point/22.txt","20","3","168665","2137","74855","501","243520","2638","2","2957","185181","2457","303930","2034","489111","4491","16","2","3","4763","true"
"Test-Generating/data/Point-To-Point/22.txt","20","3","192469","2280","74766","501","267235","2781","2","3155","196610","2502","305371","2028","501981","4530","16","2","3","4993","true"
"Test-Generating/data/Point-To-Point/23.txt","15","3","85003","1626","74054","501","159057","2127","2","2274","175653","2349","301642","2017","477295","4366","15","2","3","4685","true"
"Test-Generating/data/Point-To-Point/23.txt","15","3","139427","2061","73810","501","213237","2562","2","2883","188427","2535","302853","2018","491280","4553","14","2","3","4452","true"
"Test-Generating/data/Point-To-Point/23.txt","15","3","308083","4197","75653","502","383736","4699","3","6075","149337","2252","304276","2020","453613","4272","14","2","3","4009","true"
"Test-Generating/data/Point-To-Point/24.txt","15","3","21","12","76438","500","76459","512","1","15","9","6","78161","511","78170","517","4","2","1","9","true"
"Test-Generating/data/Point-To-Point/24.txt","15","3","21","12","75330","500","75351","512","1","15","9","6","77040","513","77049","519","4","2","1","9","true"
"Test-Generating/data/Point-To-Point/24.txt","15","3","21","12","74618","500","74639","512","1","15","9","6","77464","516","77473","522","4","2","1","9","true"
"Test-Generating/data/Point-To-Point/25.txt","20","3","417018","5170","74526","503","491544","5673","3","7543","173151","2505","304973","2033","478124","4538","14","2","3","4459","true"
"Test-Generating/data/Point-To-Point/25.txt","20","3","263132","4182","75721","502","338853","4684","3","6079","278233","3112","305577","2029","583810","5141","14","2","3","5504","true"
"Test-Generating/data/Point-To-Point/25.txt","20","3","213444","2676","75723","501","289167","3177","2","3775","301311","3316","306947","2034","608258","5350","14","2","3","5707","true"
"Test-Generating/data/Point-To-Point/26.txt","8","3","48","21","75079","500","75127","521","1","27","30","14","151136","1014","151166","1028","7","2","2","32","true"
"Test-Generating/data/Point-To-Point/26.txt","8","3","48","21","75633","500","75681","521","1","27","105","22","154456","1022","154561","1044","7","2","2","40","true"
"Test-Generating/data/Point-To-Point/26.txt","8","3","48","21","74961","500","75009","521","1","27","29","13","153520","1018","153549","1031","7","2","2","31","true"
"Test-Generating/data/Point-To-Point/27.txt","10","3","48","21","75154","500","75202","521","1","27","25","12","155471","1018","155496","1030","7","2","2","31","true"
"Test-Generating/data/Point-To-Point/27.txt","10","3","48","21","75090","500","75138","521","1","27","25","12","153528","1019","153553","1031","7","2","2","31","true"
"Test-Generating/data/Point-To-Point/27.txt","10","3","48","21","75186","500","75234","521","1","27","52","18","154545","1025","154597","1043","7","2","2","37","true"
"Test-Generating/data/Point-To-Point/28.txt","15","3","134219","2149","75734","501","209953","2650","2","3031","256647","3050","303011","2022","559658","5072","13","2","3","5215","true"
"Test-Generating/data/Point-To-Point/28.txt","15","3","338718","3407","75107","501","413825","3908","2","4807","204978","2721","303210","2025","508188","4746","13","2","3","4647","true"
"Test-Generating/data/Point-To-Point/28.txt","15","3","268128","3016","74466","501","342594","3517","2","4255","171900","2407","301122","2017","473022","4424","13","2","3","3951","true"
"Test-Generating/data/Point-To-Point/29.txt","24","3","164984","2241","75218","501","240202","2742","2","3135","181122","2491","306732","2025","487854","4516","14","2","3","4404","true"
"Test-Generating/data/Point-To-Point/29.txt","24","3","291991","3134","74189","501","366180","3635","2","4423","192670","2459","304200","2021","496870","4480","15","2","3","4799","true"
"Test-Generating/data/Point-To-Point/29.txt","24","3","254702","2765","75312","501","330014","3266","2","3870","170938","2365","304393","2019","475331","4384","15","2","3","4557","true"
"Test-Generating/data/Point-To-Point/30.txt","8","3","21","12","75228","500","75249","512","1","15","9","6","77091","515","77100","521","4","2","1","9","true"
"Test-Generating/data/Point-To-Point/30.txt","8","3","21","12","75190","500","75211","512","1","15","9","6","79842","520","79851","526","4","2","1","9","true"
"Test-Generating/data/Point-To-Point/30.txt","8","3","21","12","75600","500","75621","512","1","15","9","6","78294","517","78303","523","4","2","1","9","true"
"Test-Generating/data/Point-To-Point/31.txt","4","3","48","21","74193","500","74241","521","1","27","48","17","152943","1015","152991","1032","7","2","2","36","true"
"Test-Generating/data/Point-To-Point/31.txt","4","3","48","21","75816","500","75864","521","1","27","130","25","152726","1014","152856","1039","7","2","2","44","true"
"Test-Generating/data/Point-To-Point/31.txt","4","3","48","21","74710","500","74758","521","1","27","128","25","151967","1010","152095","1035","7","2","2","44","true"
"Test-Generating/data/Point-To-Point/32.txt","6","3","312085","4281","76765","511","388850","4792","3","5991","104955","1635","304921","2017","409876","3652","12","2","3","2935","true"
"Test-Generating/data/Point-To-Point/32.txt","6","3","238212","3711","76084","515","314296","4226","3","5193","244986","2594","303635","2021","548621","4615","12","2","3","4484","true"
"Test-Generating/data/Point-To-Point/32.txt","6","3","307755","4206","76055","509","383810","4715","3","5886","143654","1427","303711","2017","447365","3444","11","2","3","2469","true"
"Test-Generating/data/Point-To-Point/33.txt","15","3","142754","2232","75137","501","217891","2733","2","3151","236592","2918","304918","2017","541510","4935","15","2","3","5800","true"
"Test-Generating/data/Point-To-Point/33.txt","15","3","200462","2656","76456","501","276918","3157","2","3751","248166","3009","303421","2019","551587","5028","15","2","3","6171","true"
"Test-Generating/data/Point-To-Point/33.txt","15","3","218975","2742","75338","501","294313","3243","2","3871","284778","3234","302464","2021","587242","5255","15","2","3","6345","true"
"Test-Generating/data/Point-To-Point/34.txt","8","3","210849","2319","73864","502","284713","2821","2","3209","40027","746","153669","1023","193696","1769","9","2","2","1510","true"
"Test-Generating/data/Point-To-Point/34.txt","8","3","71799","1344","75770","504","147569","1848","2","1859","91044","1116","153604","1017","244648","2133","9","2","2","2180","true"
"Test-Generating/data/Point-To-Point/34.txt","8","3","136859","1864","76239","513","213098","2377","2","2579","100124","1163","154662","1032","254786","2195","9","2","2","2193","true"
"Test-Generating/data/Point-To-Point/35.txt","14","3","285633","2946","75799","501","361432","3447","2","4122","190571","2399","306236","2017","496807","4416","14","2","3","4154","true"
"Test-Generating/data/Point-To-Point/35.txt","14","3","111843","1821","75634","501","187477","2322","2","2547","179193","2368","302643","2019","481836","4387","14","2","3","4043","true"
"Test-Generating/data/Point-To-Point/35.txt","14","3","169005","2241","74643","501","243648","2742","2","3135","129603","1995","303247","2022","432850","4017","14","2","3","3503","true"
"Test-Generating/data/Point-To-Point/36.txt","16","3","452927","5260","75539","503","528466","5763","3","7423","249310","3035","304027","2021","553337","5056","14","2","3","5299","true"
"Test-Generating/data/Point-To-Point/36.txt","16","3","546496","6008","76669","509","623165","6517","3","8479","233417","2896","305132","2027","538549","4923","15","2","3","5482","true"
"Test-Generating/data/Point-To-Point/36.txt","16","3","460008","5345","75489","505","535497","5850","3","7543","192735","2639","301439","2015","494174","4654","15","2","3","5141","true"
"Test-Generating/data/Point-To-Point/37.txt","20","3","208674","2138","75675","501","284349","2639","2","2914","44772","774","152148","1014","196920","1788","9","2","2","1621","true"
"Test-Generating/data/Point-To-Point/37.txt","20","3","95526","1445","74800","501","170326","1946","2","1969","127892","1323","152501","1018","280393","2341","9","2","2","2511","true"
"Test-Generating/data/Point-To-Point/37.txt","20","3","169952","1929","75643","501","245595","2430","2","2629","51725","839","154710","1022","206435","1861","9","2","2","1663","true"
"Test-Generating/data/Point-To-Point/38.txt","15","3","169304","2241","75173","501","244477","2742","2","3135","123840","1393","154088","1010","277928","2403","9","2","2","2856","true"
"Test-Generating/data/Point-To-Point/38.txt","15","3","79957","1536","73941","501","153898","2037","2","2148","94048","1230","152086","1017","246134","2247","9","2","2","2449","true"
"Test-Generating/data/Point-To-Point/38.txt","15","3","87831","1596","74725","501","162556","2097","2","2232","132018","1436","152129","1013","284147","2449","9","2","2","2853","true"
"Test-Generating/data/Point-To-Point/39.txt","15","3","120138","1747","74694","501","194832","2248","2","2417","128760","1801","152931","1022","281691","2823","10","2","2","3288","true"
"Test-Generating/data/Point-To-Point/39.txt","15","3","138752","1877","75107","501","213859","2378","2","2597","116318","1260","153287","1019","269605","2279","9","2","2","2411","true"
"Test-Generating/data/Point-To-Point/39.txt","15","3","511985","5101","76640","504","588625","5605","3","7061","66441","954","153487","1015","219928","1969","9","2","2","1908","true"
"Test-Generating/data/Point-To-Point/40.txt","10","3","176203","2301","74538","501","250741","2802","2","3219","183571","2380","302868","2019","486439","4399","13","2","3","3894","true"
"Test-Generating/data/Point-To-Point/40.txt","10","3","131171","1971","75194","501","206365","2472","2","2757","198947","2522","303860","2019","502807","4541","13","2","3","4114","true"
"Test-Generating/data/Point-To-Point/40.txt","10","3","187883","2376","75346","501","263229","2877","2","3324","190605","2363","302609","2018","493214","4381","13","2","3","3893","true"
"Test-Generating/data/Point-To-Point/41.txt","15","3","177139","2189","76214","501","253353","2690","2","3029","110914","1831","302700","2020","413614","3851","14","2","3","3199","true"
"Test-Generating/data/Point-To-Point/41.txt","15","3","203577","2293","75451","501","279028","2794","2","3173","292703","3035","305564","2016","598267","5051","14","2","3","5163","true"
"Test-Generating/data/Point-To-Point/41.txt","15","3","84502","1487","75897","501","160399","1988","2","2057","206312","2512","305106","2023","511418","4535","14","2","3","4229","true"
"Test-Generating/data/Point-To-Point/42.txt","11","3","129183","1825","75195","501","204378","2326","2","2525","101812","1106","153452","1015","255264","2121","8","2","2","1851","true"
"Test-Generating/data/Point-To-Point/42.txt","11","3","173841","1951","75460","501","249301","2452","2","2659","96949","987","152369","1015","249318","2002","8","2","2","1586","true"
"Test-Generating/data/Point-To-Point/42.txt","11","3","66299","1203","74687","501","140986","1704","2","1639","37785","617","153939","1012","191724","1629","8","2","2","1000","true"
"Test-Generating/data/Point-To-Point/43.txt","11","3","75744","1383","75361","501","151105","1884","2","1913","189467","2342","302157","2019","491624","4361","13","2","3","3777","true"
"Test-Generating/data/Point-To-Point/43.txt","11","3","93522","1539","75278","501","168800","2040","2","2129","147482","2007","302399","2020","449881","4027","13","2","3","3266","true"
"Test-Generating/data/Point-To-Point/43.txt","11","3","121912","1760","74396","501","196308","2261","2","2435","116886","1842","304923","2025","421809","3867","13","2","3","2993","true"
"Test-Generating/data/Point-To-Point/44.txt","10","3","93806","1552","74662","501","168468","2053","2","2147","59833","852","153849","1018","213682","1870","8","2","2","1428","true"
"Test-Generating/data/Point-To-Point/44.txt","10","3","99909","1604","75223","501","175132","2105","2","2219","51633","785","153593","1017","205226","1802","8","2","2","1317","true"
"Test-Generating/data/Point-To-Point/44.txt","10","3","160167","2033","75935","501","236102","2534","2","2813","34555","649","153564","1018","188119","1667","8","2","2","1095","true"
"Test-Generating/data/Point-To-Point/45.txt","13","3","48","21","74436","500","74484","521","1","27","40","16","153409","1020","153449","1036","7","2","2","35","true"
"Test-Generating/data/Point-To-Point/45.txt","13","3","48","21","75262","500","75310","521","1","27","37","16","153025","1022","153062","1038","7","2","2","35","true"
"Test-Generating/data/Point-To-Point/45.txt","13","3","48","21","74982","500","75030","521","1","27","39","17","152987","1018","153026","1035","7","2","2","35","true"
"Test-Generating/data/Point-To-Point/46.txt","6","3","111","39","74434","500","74545","539","1","51","142","31","302881","2014","303023","2045","10","2","3","80","true"
"Test-Generating/data/Point-To-Point/46.txt","6","3","111","39","74783","500","74894","539","1","51","94","28","302762","2025","302856","2053","10","2","3","79","true"
"Test-Generating/data/Point-To-Point/46.txt","6","3","111","39","73635","500","73746","539","1","51","89","26","302501","2017","302590","2043","10","2","3","74","true"
"Test-Generating/data/Point-To-Point/47.txt","20","3","215197","2345","74988","501","290185","2846","2","3245","69001","970","154591","1024","223592","1994","9","2","2","2047","true"
"Test-Generating/data/Point-To-Point/47.txt","20","3","96955","1578","75076","501","172031","2079","2","2183","57866","874","152014","1014","209880","1888","9","2","2","1917","true"
"Test-Generating/data/Point-To-Point/47.txt","20","3","114939","1721","75673","501","190612","2222","2","2381","119247","1295","153099","1016","272346","2311","9","2","2","2602","true"
"Test-Generating/data/Point-To-Point/48.txt","20","3","21","12","74914","500","74935","512","1","15","9","6","79703","524","79712","530","4","2","1","9","true"
"Test-Generating/data/Point-To-Point/48.txt","20","3","21","12","74880","500","74901","512","1","15","9","6","77300","514","77309","520","4","2","1","9","true"
"Test-Generating/data/Point-To-Point/48.txt","20","3","21","12","75321","500","75342","512","1","15","9","6","78189","519","78198","525","4","2","1","9","true"
"Test-Generating/data/Point-To-Point/49.txt","9","3","202260","2094","74931","501","277191","2595","2","2854","41246","689","152060","1013","193306","1702","9","2","2","1339","true"
"Test-Generating/data/Point-To-Point/49.txt","9","3","136895","1720","75791","501","212686","2221","2","2344","40382","691","153530","1022","193912","1713","9","2","2","1268","true"
"Test-Generating/data/Point-To-Point/49.txt","9","3","101376","1478","75199","501","176575","1979","2","2014","103280","1095","154483","1018","257763","2113","9","2","2","1914","true"
"Test-Generating/data/Point-To-Point/50.txt","10","3","298527","2976","74547","501","373074","3477","2","4164","133999","1762","155828","1034","289827","2796","9","2","2","2939","true"
"Test-Generating/data/Point-To-Point/50.txt","10","3","131258","1825","74659","501","205917","2326","2","2525","74625","1308","154073","1019","228698","2327","9","2","2","2189","true"
"Test-Generating/data/Point-To-Point/50.txt","10","3","435297","4892","76242","504","511539","5396","3","7104","131358","1731","153093","1020","284451","2751","9","2","2","2893","true"
"Test-Generating/data/Point-To-Point/51.txt","10","3","164544","2046","75006","501","239550","2547","2","2831","98666","1087","153547","1019","252213","2106","8","2","2","1823","true"
"Test-Generating/data/Point-To-Point/51.txt","10","3","92251","1539","74805","501","167056","2040","2","2129","86054","1014","153738","1018","239792","2032","8","2","2","1699","true"
"Test-Generating/data/Point-To-Point/51.txt","10","3","106667","1643","74961","501","181628","2144","2","2273","81144","996","154996","1023","236140","2019","8","2","2","1665","true"
"Test-Generating/data/Point-To-Point/52.txt","9","3","123802","1799","75472","501","199274","2300","2","2489","156883","2173","303125","2019","460008","4192","15","2","3","4092","true"
"Test-Generating/data/Point-To-Point/52.txt","9","3","257392","2592","75286","501","332678","3093","2","3587","141663","2065","302219","2021","443882","4086","15","2","3","4095","true"
"Test-Generating/data/Point-To-Point/52.txt","9","3","129183","1825","74286","501","203469","2326","2","2525","238161","2688","302764","2021","540925","4709","14","2","3","4520","true"
"Test-Generating/data/Point-To-Point/53.txt","10","3","250391","2578","76407","501","326798","3079","2","3569","206030","2212","303835","2015","509865","4227","12","2","3","3735","true"
"Test-Generating/data/Point-To-Point/53.txt","10","3","87771","1526","75415","501","163186","2027","2","2111","37986","693","303355","2013","341341","2706","11","2","3","1184","true"
"Test-Generating/data/Point-To-Point/53.txt","10","3","262994","2618","74186","501","337180","3119","2","3623","112201","1168","303558","2023","415759","3191","11","2","3","1979","true"
"Test-Generating/data/Point-To-Point/54.txt","10","3","111","39","73502","500","73613","539","1","51","92","28","305938","2018","306030","2046","10","2","3","74","true"
"Test-Generating/data/Point-To-Point/54.txt","10","3","111","39","74805","500","74916","539","1","51","46","20","300671","2014","300717","2034","10","2","3","69","true"
"Test-Generating/data/Point-To-Point/54.txt","10","3","111","39","74031","500","74142","539","1","51","75","25","301017","2016","301092","2041","10","2","3","75","true"
"Test-Generating/data/Point-To-Point/55.txt","6","3","48","21","75059","500","75107","521","1","27","40","16","152921","1020","152961","1036","7","2","2","33","true"
"Test-Generating/data/Point-To-Point/55.txt","6","3","48","21","75656","500","75704","521","1","27","40","16","152914","1015","152954","1031","7","2","2","34","true"
"Test-Generating/data/Point-To-Point/55.txt","6","3","48","21","74265","500","74313","521","1","27","34","15","153199","1017","153233","1032","7","2","2","33","true"
"Test-Generating/data/Point-To-Point/56.txt","3","3","75","30","74552","500","74627","530","1","39","121","28","303466","2025","303587","2053","10","2","3","82","true"
"Test-Generating/data/Point-To-Point/56.txt","3","3","75","30","73512","500","73587","530","1","39","71","25","303307","2025","303378","2050","10","2","3","73","true"
"Test-Generating/data/Point-To-Point/56.txt","3","3","75","30","74827","500","74902","530","1","39","55","22","304668","2027","304723","2049","10","2","3","69","true"
"Test-Generating/data/Point-To-Point/57.txt","16","3","94531","1775","74323","501","168854","2276","2","2503","182838","2437","299140","2021","481978","4458","13","2","3","4108","true"
"Test-Generating/data/Point-To-Point/57.txt","16","3","103930","1876","76281","501","180211","2377","2","2647","226903","2813","305780","2019","532683","4832","13","2","3","4735","true"
"Test-Generating/data/Point-To-Point/57.txt","16","3","131724","2115","74997","501","206721","2616","2","2983","201525","2621","306477","2024","508002","4645","13","2","3","4416","true"
"Test-Generating/data/Point-To-Point/58.txt","25","3","235236","2829","74266","501","309502","3330","2","3991","229990","2832","305159","2019","535149","4851","14","2","3","5036","true"
"Test-Generating/data/Point-To-Point/58.txt","25","3","318030","3288","75979","501","394009","3789","2","4639","184076","2498","301168","2018","485244","4516","14","2","3","4407","true"
"Test-Generating/data/Point-To-Point/58.txt","25","3","187503","2523","74986","501","262489","3024","2","3559","228176","2818","304930","2025","533106","4843","15","2","3","5283","true"
"Test-Generating/data/Point-To-Point/59.txt","15","3","223008","2660","73948","501","296956","3161","2","3723","286903","3075","307433","2034","594336","5109","14","2","3","5257","true"
"Test-Generating/data/Point-To-Point/59.txt","15","3","101819","1819","74790","501","176609","2320","2","2547","120922","1986","305234","2025","426156","4011","14","2","3","3464","true"
"Test-Generating/data/Point-To-Point/59.txt","15","3","255793","3860","75506","507","331299","4367","3","5403","306471","3176","306097","2031","612568","5207","14","2","3","5487","true"
"Test-Generating/data/Point-To-Point/60.txt","10","3","77199","1409","73807","501","151006","1910","2","1949","122449","1300","153465","1016","275914","2316","9","2","2","2840","true"
"Test-Generating/data/Point-To-Point/60.txt","10","3","152109","1981","74046","501","226155","2482","2","2741","109943","1232","154354","1019","264297","2251","9","2","2","2623","true"
"Test-Generating/data/Point-To-Point/60.txt","10","3","121957","1773","76126","501","198083","2274","2","2453","52159","844","153128","1021","205287","1865","9","2","2","1938","true"
"Test-Generating/data/Point-To-Point/61.txt","6","3","48","21","75521","500","75569","521","1","27","12","7","78125","515","78137","522","4","2","1","11","true"
"Test-Generating/data/Point-To-Point/61.txt","6","3","48","21","75362","500","75410","521","1","27","12","7","77187","517","77199","524","4","2","1","11","true"
"Test-Generating/data/Point-To-Point/61.txt","6","3","48","21","75570","500","75618","521","1","27","12","7","77566","513","77578","520","4","2","1","11","true"
"Test-Generating/data/Point-To-Point/62.txt","25","3","225676","4279","75420","502","301096","4781","3","6083","610978","6308","304794","2027","915772","8335","15","2","3","10855","true"
"Test-Generating/data/Point-To-Point/62.txt","25","3","330582","5079","75690","506","406272","5585","3","7217","342639","4131","304647","2023","647286","6154","14","2","3","7028","true"
"Test-Generating/data/Point-To-Point/62.txt","25","3","516980","6160","76025","503","593005","6663","3","8756","226745","2847","303885","2021","530630","4868","13","2","3","4829","true"
"Test-Generating/data/Point-To-Point/63.txt","10","3","164229","2046","75882","501","240111","2547","2","2831","162853","1985","153531","1016","316384","3001","10","2","2","3544","true"
"Test-Generating/data/Point-To-Point/63.txt","10","3","215197","2345","75942","501","291139","2846","2","3245","72366","1000","151151","1012","223517","2012","9","2","2","1839","true"
"Test-Generating/data/Point-To-Point/63.txt","10","3","160122","2020","74815","501","234937","2521","2","2795","122949","1307","152390","1016","275339","2323","9","2","2","2418","true"
"Test-Generating/data/Point-To-Point/64.txt","15","3","292786","3152","74999","501","367785","3653","2","4447","241601","2849","304014","2019","545615","4868","15","2","3","5569","true"
"Test-Generating/data/Point-To-Point/64.txt","15","3","147143","2217","76107","501","223250","2718","2","3127","271932","3080","304222","2020","576154","5100","15","2","3","6037","true"
"Test-Generating/data/Point-To-Point/64.txt","15","3","118298","1996","75166","501","193464","2497","2","2815","265149","3205","302261","2022","567410","5227","14","2","3","5745","true"
"Test-Generating/data/Point-To-Point/65.txt","12","3","194944","2391","75318","501","270262","2892","2","3345","190569","2477","304225","2028","494794","4505","13","2","3","4127","true"
"Test-Generating/data/Point-To-Point/65.txt","12","3","297733","2976","74939","501","372672","3477","2","4164","214133","2554","306455","2023","520588","4577","13","2","3","4169","true"
"Test-Generating/data/Point-To-Point/65.txt","12","3","207280","2481","75020","501","282300","2982","2","3471","190784","2397","302916","2019","493700","4416","13","2","3","3940","true"
"Test-Generating/data/Point-To-Point/66.txt","12","3","189376","3099","77557","524","266933","3623","3","4289","117133","1832","304180","2022","421313","3854","13","2","3","3003","true"
"Test-Generating/data/Point-To-Point/66.txt","12","3","334364","3970","75415","502","409779","4472","3","5495","196556","2360","300583","2016","497139","4376","13","2","3","3822","true"
"Test-Generating/data/Point-To-Point/66.txt","12","3","229856","2475","74435","501","304291","2976","2","3425","232919","2675","303097","2020","536016","4695","13","2","3","4403","true"
"Test-Generating/data/Point-To-Point/67.txt","4","3","111","39","75169","500","75280","539","1","51","54","22","299773","2014","299827","2036","10","2","3","72","true"
"Test-Generating/data/Point-To-Point/67.txt","4","3","111","39","75441","500","75552","539","1","51","63","24","303038","2018","303101","2042","10","2","3","75","true"
"Test-Generating/data/Point-To-Point/67.txt","4","3","111","39","74543","500","74654","539","1","51","73","25","303404","2021","303477","2046","10","2","3","73","true"
"Test-Generating/data/Point-To-Point/68.txt","10","3","116217","1836","75481","501","191698","2337","2","2568","201898","2332","301909","2018","503807","4350","12","2","3","4016","true"
"Test-Generating/data/Point-To-Point/68.txt","10","3","145977","2076","75022","501","220999","2577","2","2904","92932","1154","304681","2024","397613","3178","11","2","3","1996","true"
"Test-Generating/data/Point-To-Point/68.txt","10","3","83502","1566","74535","501","158037","2067","2","2190","223938","2439","304759","2019","528697","4458","12","2","3","4266","true"
"Test-Generating/data/Point-To-Point/69.txt","10","3","71953","1383","75503","501","147456","1884","2","1913","43109","776","302770","2019","345879","2795","13","2","3","1829","true"
"Test-Generating/data/Point-To-Point/69.txt","10","3","129524","1838","74996","501","204520","2339","2","2543","54797","850","303301","2019","358098","2869","13","2","3","2245","true"
"Test-Generating/data/Point-To-Point/69.txt","10","3","152474","1994","75002","501","227476","2495","2","2759","95705","1153","303796","2019","399501","3172","13","2","3","2619","true"
"Test-Generating/data/Point-To-Point/70.txt","10","3","190008","2215","74783","501","264791","2716","2","3065","110126","1227","304038","2020","414164","3247","13","2","3","2582","true"
"Test-Generating/data/Point-To-Point/70.txt","10","3","83053","1474","74567","501","157620","1975","2","2039","165765","1997","302258","2019","468023","4016","13","2","3","3526","true"
"Test-Generating/data/Point-To-Point/70.txt","10","3","192713","2254","75205","501","267918","2755","2","3119","120105","1316","302196","2022","422301","3338","13","2","3","2916","true"
"Test-Generating/data/Point-To-Point/71.txt","6","3","48","21","75260","500","75308","521","1","27","41","16","154714","1022","154755","1038","7","2","2","34","true"
"Test-Generating/data/Point-To-Point/71.txt","6","3","48","21","74521","500","74569","521","1","27","37","16","153287","1013","153324","1029","7","2","2","33","true"
"Test-Generating/data/Point-To-Point/71.txt","6","3","48","21","76288","500","76336","521","1","27","65","19","153630","1019","153695","1038","7","2","2","38","true"
"Test-Generating/data/Point-To-Point/72.txt","10","3","232222","2475","74896","501","307118","2976","2","3425","210360","2228","303740","2015","514100","4243","12","2","3","3756","true"
"Test-Generating/data/Point-To-Point/72.txt","10","3","237161","2501","74523","501","311684","3002","2","3461","92247","1053","300728","2018","392975","3071","11","2","3","1788","true"
"Test-Generating/data/Point-To-Point/72.txt","10","3","170962","2124","74701","501","245663","2625","2","2939","210526","2217","300642","2017","511168","4234","12","2","3","3748","true"
"Test-Generating/data/Point-To-Point/73.txt","18","3","105371","1877","75897","501","181268","2378","2","2647","289702","3266","303193","2015","592895","5281","15","2","3","6234","true"
"Test-Generating/data/Point-To-Point/73.txt","18","3","137909","2166","74548","501","212457","2667","2","3055","274668","3168","306651","2024","581319","5192","14","2","3","5575","true"
"Test-Generating/data/Point-To-Point/73.txt","18","3","276422","3050","75516","501","351938","3551","2","4303","210201","2655","303237","2021","513438","4676","14","2","3","4727","true"
"Test-Generating/data/Point-To-Point/74.txt","20","3","206192","2293","74845","501","281037","2794","2","3173","73525","1010","154179","1019","227704","2029","9","2","2","1883","true"
"Test-Generating/data/Point-To-Point/74.txt","20","3","71846","1357","74975","501","146821","1858","2","1877","89334","1112","152597","1014","241931","2126","9","2","2","2088","true"
"Test-Generating/data/Point-To-Point/74.txt","20","3","134979","1851","74586","501","209565","2352","2","2561","62605","933","152145","1016","214750","1949","9","2","2","1711","true"
"Test-Generating/data/Point-To-Point/75.txt","22","3","266639","3180","75508","501","342147","3681","2","4517","279535","3295","303355","2020","582890","5315","13","2","3","5637","true"
"Test-Generating/data/Point-To-Point/75.txt","22","3","154618","2402","75411","501","230029","2903","2","3410","374893","3744","305491","2018","680384","5762","13","2","3","6335","true"
"Test-Generating/data/Point-To-Point/75.txt","22","3","223873","2896","76095","501","299968","3397","2","4112","242140","3051","304093","2020","546233","5071","13","2","3","5219","true"
"Test-Generating/data/Point-To-Point/76.txt","4","3","215115","2160","74624","501","289739","2661","2","2944","64727","802","153600","1013","218327","1815","8","2","2","1292","true"
"Test-Generating/data/Point-To-Point/76.txt","4","3","219488","2182","73926","501","293414","2683","2","2974","92104","960","153502","1016","245606","1976","8","2","2","1547","true"
"Test-Generating/data/Point-To-Point/76.txt","4","3","210786","2138","74610","501","285396","2639","2","2914","40269","633","154034","1021","194303","1654","8","2","2","1021","true"
"Test-Generating/data/Point-To-Point/77.txt","12","3","114894","1708","75439","501","190333","2209","2","2363","110810","1152","154743","1023","265553","2175","8","2","2","1926","true"
"Test-Generating/data/Point-To-Point/77.txt","12","3","129138","1812","74053","501","203191","2313","2","2507","121413","1204","151906","1011","273319","2215","8","2","2","2014","true"
"Test-Generating/data/Point-To-Point/77.txt","12","3","168388","2072","74717","501","243105","2573","2","2867","70397","916","152710","1022","223107","1938","8","2","2","1535","true"
"Test-Generating/data/Point-To-Point/78.txt","6","3","94046","1423","73982","501","168028","1924","2","1939","46495","765","305547","2023","352042","2788","13","2","3","1779","true"
"Test-Generating/data/Point-To-Point/78.txt","6","3","70065","1258","75630","501","145695","1759","2","1714","67025","898","303061","2015","370086","2913","13","2","3","2238","true"
"Test-Generating/data/Point-To-Point/78.txt","6","3","83020","1368","74253","501","157273","1869","2","1864","73074","930","304346","2018","377420","2948","13","2","3","2157","true"
"Test-Generating/data/Point-To-Point/79.txt","12","3","125602","1812","74325","501","199927","2313","2","2507","121461","1940","302455","2022","423916","3962","13","2","3","3182","true"
"Test-Generating/data/Point-To-Point/79.txt","12","3","164724","2256","75585","501","240309","2757","2","3156","188108","2408","305500","2029","493608","4437","13","2","3","3963","true"
"Test-Generating/data/Point-To-Point/79.txt","12","3","162510","2241","75311","501","237821","2742","2","3135","209549","2490","303670","2018","513219","4508","13","2","3","4009","true"
"Test-Generating/data/Point-To-Point/80.txt","8","3","183687","2163","75003","501","258690","2664","2","2993","170604","2069","153080","1017","323684","3086","10","2","2","3628","true"
"Test-Generating/data/Point-To-Point/80.txt","8","3","337459","4035","75601","502","413060","4537","3","5585","237619","2456","154165","1028","391784","3484","10","2","2","4319","true"
"Test-Generating/data/Point-To-Point/80.txt","8","3","244904","2501","75030","501","319934","3002","2","3461","144368","1890","155911","1027","300279","2917","10","2","2","3425","true"
"Test-Generating/data/Point-To-Point/81.txt","16","3","96908","1565","75940","501","172848","2066","2","2165","43803","735","152331","1020","196134","1755","8","2","2","1225","true"
"Test-Generating/data/Point-To-Point/81.txt","16","3","199304","2254","74905","501","274209","2755","2","3119","90407","1053","152416","1018","242823","2071","8","2","2","1751","true"
"Test-Generating/data/Point-To-Point/81.txt","16","3","179342","2137","75374","501","254716","2638","2","2957","37768","693","154608","1014","192376","1707","8","2","2","1142","true"
"Test-Generating/data/Point-To-Point/82.txt","9","3","111","39","75543","500","75654","539","1","51","142","27","153924","1013","154066","1040","7","2","2","47","true"
"Test-Generating/data/Point-To-Point/82.txt","9","3","111","39","74930","500","75041","539","1","51","40","17","152238","1016","152278","1033","7","2","2","38","true"
"Test-Generating/data/Point-To-Point/82.txt","9","3","111","39","75106","500","75217","539","1","51","40","17","151251","1017","151291","1034","7","2","2","38","true"
"Test-Generating/data/Point-To-Point/83.txt","16","3","115727","1836","74674","501","190401","2337","2","2568","243339","2727","305445","2022","548784","4749","13","2","3","4472","true"
"Test-Generating/data/Point-To-Point/83.txt","16","3","84670","1581","74159","501","158829","2082","2","2211","153598","2196","302775","2018","456373","4214","13","2","3","3597","true"
"Test-Generating/data/Point-To-Point/83.txt","16","3","190193","2376","75884","501","266077","2877","2","3324","227453","2674","304537","2017","531990","4691","13","2","3","4381","true"
"Test-Generating/data/Point-To-Point/84.txt","6","3","221774","2215","75570","501","297344","2716","2","3019","132805","1563","303510","2021","436315","3584","12","2","3","2542","true"
"Test-Generating/data/Point-To-Point/84.txt","6","3","133529","1720","75321","501","208850","2221","2","2344","158937","1786","303197","2021","462134","3807","12","2","3","2887","true"
"Test-Generating/data/Point-To-Point/84.txt","6","3","120173","1632","74596","501","194769","2133","2","2224","177056","1853","304044","2016","481100","3869","12","2","3","3038","true"
"Test-Generating/data/Point-To-Point/85.txt","20","3","186958","2557","75915","501","262873","3058","2","3607","308506","3390","302426","2018","610932","5408","14","2","3","5952","true"
"Test-Generating/data/Point-To-Point/85.txt","20","3","304546","3254","75283","501","379829","3755","2","4591","230797","2838","302722","2023","533519","4861","15","2","3","5388","true"
"Test-Generating/data/Point-To-Point/85.txt","20","3","105453","1945","74854","501","180307","2446","2","2743","189080","2602","304194","2022","493274","4624","15","2","3","5121","true"
"Test-Generating/data/Point-To-Point/86.txt","18","3","233798","2660","75283","501","309081","3161","2","3723","151325","1977","301513","2015","452838","3992","12","2","3","3478","true"
"Test-Generating/data/Point-To-Point/86.txt","18","3","109058","1820","74886","501","183944","2321","2","2547","136631","1929","302019","2018","438650","3947","12","2","3","3341","true"
"Test-Generating/data/Point-To-Point/86.txt","18","3","98483","1730","76304","501","174787","2231","2","2421","42248","775","300745","2011","342993","2786","11","2","3","1361","true"
"Test-Generating/data/Point-To-Point/87.txt","12","3","154471","2007","73673","501","228144","2508","2","2777","111123","1168","303818","2017","414941","3185","11","2","3","1974","true"
"Test-Generating/data/Point-To-Point/87.txt","12","3","227712","2449","75048","501","302760","2950","2","3389","77299","982","301310","2017","378609","2999","11","2","3","1662","true"
"Test-Generating/data/Point-To-Point/87.txt","12","3","84671","1474","75259","501","159930","1975","2","2039","57489","843","302802","2017","360291","2860","11","2","3","1437","true"
"Test-Generating/data/Point-To-Point/88.txt","4","3","48","21","73523","500","73571","521","1","27","60","20","151932","1014","151992","1034","7","2","2","38","true"
"Test-Generating/data/Point-To-Point/88.txt","4","3","48","21","75127","500","75175","521","1","27","37","16","154902","1020","154939","1036","7","2","2","35","true"
"Test-Generating/data/Point-To-Point/88.txt","4","3","48","21","73808","500","73856","521","1","27","64","20","154031","1021","154095","1041","7","2","2","38","true"
"Test-Generating/data/Point-To-Point/89.txt","16","3","233126","2646","75513","501","308639","3147","2","3702","211526","2637","301644","2016","513170","4653","15","2","3","4803","true"
"Test-Generating/data/Point-To-Point/89.txt","16","3","185975","2360","75339","501","261314","2861","2","3303","194914","2529","302840","2022","497754","4551","15","2","3","4892","true"
"Test-Generating/data/Point-To-Point/89.txt","16","3","257364","2766","75533","501","332897","3267","2","3870","218555","2740","303913","2023","522468","4763","14","2","3","4707","true"
"Test-Generating/data/Point-To-Point/90.txt","4","3","48","21","73859","500","73907","521","1","27","40","15","151536","1015","151576","1030","7","2","2","33","true"
"Test-Generating/data/Point-To-Point/90.txt","4","3","48","21","74881","500","74929","521","1","27","55","19","151164","1013","151219","1032","7","2","2","36","true"
"Test-Generating/data/Point-To-Point/90.txt","4","3","48","21","74565","500","74613","521","1","27","71","20","150949","1016","151020","1036","7","2","2","37","true"
"Test-Generating/data/Point-To-Point/91.txt","9","3","21","12","75990","500","76011","512","1","15","9","6","78976","517","78985","523","4","2","1","9","true"
"Test-Generating/data/Point-To-Point/91.txt","9","3","21","12","76150","500","76171","512","1","15","9","6","78523","519","78532","525","4","2","1","9","true"
"Test-Generating/data/Point-To-Point/91.txt","9","3","21","12","75301","500","75322","512","1","15","9","6","76726","511","76735","517","4","2","1","9","true"
"Test-Generating/data/Point-To-Point/92.txt","16","3","116674","1734","74692","501","191366","2235","2","2399","63222","867","154161","1015","217383","1882","8","2","2","1453","true"
"Test-Generating/data/Point-To-Point/92.txt","16","3","227232","2423","75565","501","302797","2924","2","3353","50900","788","153403","1014","204303","1802","8","2","2","1319","true"
"Test-Generating/data/Point-To-Point/92.txt","16","3","166302","2059","75724","501","242026","2560","2","2849","53289","808","153856","1020","207145","1828","8","2","2","1351","true"
"Test-Generating/data/Point-To-Point/93.txt","16","3","81722","1368","75977","501","157699","1869","2","1864","69665","924","303172","2021","372837","2945","13","2","3","2186","true"
"Test-Generating/data/Point-To-Point/93.txt","16","3","162447","1918","75385","501","237832","2419","2","2614","168748","1883","305550","2024","474298","3907","13","2","3","3239","true"
"Test-Generating/data/Point-To-Point/93.txt","16","3","117002","1621","75555","501","192557","2122","2","2209","86546","1044","301492","2017","388038","3061","13","2","3","2314","true"
"Test-Generating/data/Point-To-Point/94.txt","14","3","221345","2744","75265","501","296610","3245","2","3871","142140","2163","303965","2023","446105","4186","13","2","3","3606","true"
"Test-Generating/data/Point-To-Point/94.txt","14","3","146802","2251","75933","501","222735","2752","2","3175","249814","3046","306880","2026","556694","5072","13","2","3","5169","true"
"Test-Generating/data/Point-To-Point/94.txt","14","3","235768","2675","74466","501","310234","3176","2","3744","166986","2366","304844","2024","471830","4390","13","2","3","3905","true"
"Test-Generating/data/Point-To-Point/95.txt","25","3","143136","2076","74640","501","217776","2577","2","2904","160179","2220","303546","2019","463725","4239","15","2","3","4377","true"
"Test-Generating/data/Point-To-Point/95.txt","25","3","297804","2991","74649","501","372453","3492","2","4185","227308","2769","302549","2016","529857","4785","14","2","3","4828","true"
"Test-Generating/data/Point-To-Point/95.txt","25","3","220193","2601","74993","501","295186","3102","2","3639","247174","2867","302863","2018","550037","4885","15","2","3","5568","true"
"Test-Generating/data/Point-To-Point/96.txt","4","3","48","21","74588","500","74636","521","1","27","35","15","151913","1018","151948","1033","7","2","2","35","true"
"Test-Generating/data/Point-To-Point/96.txt","4","3","48","21","75047","500","75095","521","1","27","152","27","153659","1016","153811","1043","7","2","2","46","true"
"Test-Generating/data/Point-To-Point/96.txt","4","3","48","21","75190","500","75238","521","1","27","56","18","151586","1017","151642","1035","7","2","2","37","true"
"Test-Generating/data/Point-To-Point/97.txt","10","3","239883","2475","74945","501","314828","2976","2","3425","118695","1280","153774","1021","272469","2301","9","2","2","2366","true"
"Test-Generating/data/Point-To-Point/97.txt","10","3","115157","1708","75084","501","190241","2209","2","2363","49636","832","154141","1015","203777","1847","9","2","2","1589","true"
"Test-Generating/data/Point-To-Point/97.txt","10","3","206192","2293","74735","501","280927","2794","2","3173","47149","800","153144","1015","200293","1815","9","2","2","1503","true"
"Test-Generating/data/Point-To-Point/98.txt","25","3","264231","2965","74395","501","338626","3466","2","4183","217781","2800","301115","2022","518896","4822","15","2","3","5204","true"
"Test-Generating/data/Point-To-Point/98.txt","25","3","295666","3150","74697","501","370363","3651","2","4447","149920","2327","301696","2017","451616","4344","14","2","3","4152","true"
"Test-Generating/data/Point-To-Point/98.txt","25","3","256124","2929","75367","501","331491","3430","2","4135","234044","2880","303688","2027","537732","4907","14","2","3","4976","true"
"Test-Generating/data/Point-To-Point/99.txt","8","3","100109","1591","75304","501","175413","2092","2","2201","91207","1045","152707","1015","243914","2060","8","2","2","1747","true"
"Test-Generating/data/Point-To-Point/99.txt","8","3","77369","1396","75320","501","152689","1897","2","1931","109829","1143","151755","1018","261584","2161","8","2","2","1913","true"
"Test-Generating/data/Point-To-Point/99.txt","8","3","74558","1370","75475","501","150033","1871","2","1895","94354","1061","151513","1020","245867","2081","8","2","2","1775","true"
"Test-Generating/data/Point-To-Point/100.txt","9","3","81664","1357","75669","501","157333","1858","2","1849","92741","1063","303889","2013","396630","3076","13","2","3","2345","true"
"Test-Generating/data/Point-To-Point/100.txt","9","3","179840","2006","75434","501","255274","2507","2","2734","118037","1589","301497","2019","419534","3608","13","2","3","2812","true"
"Test-Generating/data/Point-To-Point/100.txt","9","3","118589","1632","75786","501","194375","2133","2","2224","139477","1740","304214","2028","443691","3768","13","2","3","3027","true"
"Test-Generating/data/Point-To-Point/101.txt","12","3","115963","1880","75145","501","191108","2381","2","2631","215302","2644","302969","2016","518271","4660","13","2","3","4384","true"
"Test-Generating/data/Point-To-Point/101.txt","12","3","167129","2241","75830","501","242959","2742","2","3135","219589","2609","303593","2026","523182","4635","13","2","3","4265","true"
"Test-Generating/data/Point-To-Point/101.txt","12","3","152860","2150","74912","501","227772","2651","2","3009","175508","2391","304149","2025","479657","4416","13","2","3","4007","true"
"Test-Generating/data/Point-To-Point/102.txt","8","3","111","39","75613","500","75724","539","1","51","102","25","152862","1019","152964","1044","7","2","2","44","true"
"Test-Generating/data/Point-To-Point/102.txt","8","3","111","39","75128","500","75239","539","1","51","35","16","153134","1022","153169","1038","7","2","2","37","true"
"Test-Generating/data/Point-To-Point/102.txt","8","3","111","39","75357","500","75468","539","1","51","94","23","151313","1015","151407","1038","7","2","2","45","true"
"Test-Generating/data/Point-To-Point/103.txt","14","3","60435","1159","74978","501","135413","1660","2","1579","142654","1677","301233","2019","443887","3696","12","2","3","2728","true"
"Test-Generating/data/Point-To-Point/103.txt","14","3","219560","2204","75946","501","295506","2705","2","3004","134080","1611","303349","2019","437429","3630","12","2","3","2612","true"
"Test-Generating/data/Point-To-Point/103.txt","14","3","62762","1181","74844","501","137606","1682","2","1609","58481","772","303964","2019","362445","2791","11","2","3","1272","true"
"Test-Generating/data/Point-To-Point/104.txt","20","3","238089","2846","75446","501","313535","3347","2","4015","284657","3134","305330","2030","589987","5164","14","2","3","5352","true"
"Test-Generating/data/Point-To-Point/104.txt","20","3","110183","1961","74453","501","184636","2462","2","2767","251102","2940","302953","2019","554055","4959","14","2","3","5107","true"
"Test-Generating/data/Point-To-Point/104.txt","20","3","175019","2454","75173","501","250192","2955","2","3463","340823","3632","304811","2016","645634","5648","15","2","3","6670","true"
"Test-Generating/data/Point-To-Point/105.txt","11","3","181615","2176","74238","501","255853","2677","2","3011","131071","1690","301895","2015","432966","3705","13","2","3","2936","true"
"Test-Generating/data/Point-To-Point/105.txt","11","3","90769","1539","74450","501","165219","2040","2","2129","61418","843","303857","2014","365275","2857","13","2","3","2142","true"
"Test-Generating/data/Point-To-Point/105.txt","11","3","89863","1412","75178","501","165041","1913","2","1924","173629","1920","302462","2019","476091","3939","13","2","3","3272","true"
"Test-Generating/data/Point-To-Point/106.txt","25","3","294233","3331","75224","501","369457","3832","2","4733","351554","3708","305490","2022","657044","5730","13","2","3","6343","true"
"Test-Generating/data/Point-To-Point/106.txt","25","3","359857","3674","75595","501","435452","4175","2","5219","254115","3160","303737","2022","557852","5182","13","2","3","5397","true"
"Test-Generating/data/Point-To-Point/106.txt","25","3","133765","2250","75559","501","209324","2751","2","3194","178821","2477","305683","2025","484504","4502","13","2","3","4201","true"
"Test-Generating/data/Point-To-Point/107.txt","10","3","135269","2016","76036","501","211305","2517","2","2820","127045","1334","303273","2016","430318","3350","11","2","3","2316","true"
"Test-Generating/data/Point-To-Point/107.txt","10","3","154054","2166","75851","501","229905","2667","2","3030","143086","1955","304610","2018","447696","3973","12","2","3","3376","true"
"Test-Generating/data/Point-To-Point/107.txt","10","3","280229","2916","74707","501","354936","3417","2","4080","168591","2063","302044","2021","470635","4084","12","2","3","3541","true"
"Test-Generating/data/Point-To-Point/108.txt","12","3","276867","2886","76420","501","353287","3387","2","4038","193728","2479","300781","2015","494509","4494","15","2","3","4727","true"
"Test-Generating/data/Point-To-Point/108.txt","12","3","110142","1836","74953","501","185095","2337","2","2568","133240","2130","305041","2020","438281","4150","14","2","3","3796","true"
"Test-Generating/data/Point-To-Point/108.txt","12","3","108576","1821","75686","501","184262","2322","2","2547","199572","2568","301009","2016","500581","4584","15","2","3","4808","true"
"Test-Generating/data/Point-To-Point/109.txt","20","3","96332","1792","75598","501","171930","2293","2","2527","277754","3083","303675","2019","581429","5102","13","2","3","5199","true"
"Test-Generating/data/Point-To-Point/109.txt","20","3","90989","1739","75469","501","166458","2240","2","2455","253156","2887","301779","2020","554935","4907","13","2","3","4854","true"
"Test-Generating/data/Point-To-Point/109.txt","20","3","189790","2506","74952","501","264742","3007","2","3535","195759","2577","303322","2022","499081","4599","13","2","3","4339","true"
"Test-Generating/data/Point-To-Point/110.txt","10","3","170616","2111","76805","501","247421","2612","2","2921","155001","2030","303890","2022","458891","4052","13","2","3","3280","true"
"Test-Generating/data/Point-To-Point/110.txt","10","3","220012","2384","76099","501","296111","2885","2","3299","174002","2208","304511","2025","478513","4233","13","2","3","3578","true"
"Test-Generating/data/Point-To-Point/110.txt","10","3","166534","2111","75020","501","241554","2612","2","2921","96080","1672","304552","2026","400632","3698","13","2","3","2709","true"
"Test-Generating/data/Point-To-Point/111.txt","9","3","252187","2553","75465","501","327652","3054","2","3533","194913","2426","303764","2017","498677","4443","14","2","3","4089","true"
"Test-Generating/data/Point-To-Point/111.txt","9","3","174769","2124","75770","501","250539","2625","2","2939","183740","2387","302329","2026","486069","4413","14","2","3","4110","true"
"Test-Generating/data/Point-To-Point/111.txt","9","3","98259","1578","76425","501","174684","2079","2","2183","185885","2390","303750","2017","489635","4407","14","2","3","4011","true"
"Test-Generating/data/Point-To-Point/112.txt","8","3","172969","2111","76224","501","249193","2612","2","2921","38703","698","304940","2018","343643","2716","11","2","3","1182","true"
"Test-Generating/data/Point-To-Point/112.txt","8","3","234961","2462","76197","501","311158","2963","2","3407","81250","1004","302185","2020","383435","3024","11","2","3","1692","true"
"Test-Generating/data/Point-To-Point/112.txt","8","3","172922","2098","74896","501","247818","2599","2","2903","132453","1768","303438","2017","435891","3785","12","2","3","2974","true"
"Test-Generating/data/Point-To-Point/113.txt","14","3","271515","2856","75016","501","346531","3357","2","3996","209987","2668","305541","2022","515528","4690","15","2","3","5014","true"
"Test-Generating/data/Point-To-Point/113.txt","14","3","178509","2316","76100","501","254609","2817","2","3240","231797","2809","303569","2016","535366","4825","15","2","3","5476","true"
"Test-Generating/data/Point-To-Point/113.txt","14","3","207351","2496","75266","501","282617","2997","2","3492","136078","2088","303162","2021","439240","4109","14","2","3","3680","true"
"Test-Generating/data/Point-To-Point/114.txt","6","3","167988","1907","75600","501","243588","2408","2","2599","71797","930","152995","1016","224792","1946","9","2","2","1674","true"
"Test-Generating/data/Point-To-Point/114.txt","6","3","77576","1291","74845","501","152421","1792","2","1759","71786","925","152174","1016","223960","1941","9","2","2","1706","true"
"Test-Generating/data/Point-To-Point/114.txt","6","3","215115","2160","74752","501","289867","2661","2","2944","85482","1016","155184","1017","240666","2033","9","2","2","1888","true"
"Test-Generating/data/Point-To-Point/115.txt","6","3","48","21","74820","500","74868","521","1","27","45","18","151646","1016","151691","1034","7","2","2","36","true"
"Test-Generating/data/Point-To-Point/115.txt","6","3","48","21","74177","500","74225","521","1","27","25","12","154367","1019","154392","1031","7","2","2","31","true"
"Test-Generating/data/Point-To-Point/115.txt","6","3","48","21","74825","500","74873","521","1","27","41","16","154780","1025","154821","1041","7","2","2","36","true"
"Test-Generating/data/Point-To-Point/116.txt","4","3","142151","1753","75278","501","217429","2254","2","2389","71387","853","152036","1018","223423","1871","8","2","2","1373","true"
"Test-Generating/data/Point-To-Point/116.txt","4","3","173805","1940","75798","501","249603","2441","2","2644","95003","980","152696","1016","247699","1996","8","2","2","1578","true"
"Test-Generating/data/Point-To-Point/116.txt","4","3","116861","1588","74600","501","191461","2089","2","2164","67186","823","153559","1019","220745","1842","8","2","2","1329","true"
"Test-Generating/data/Point-To-Point/117.txt","6","3","72474","1258","74860","501","147334","1759","2","1714","29615","572","302541","2020","332156","2592","11","2","3","931","true"
"Test-Generating/data/Point-To-Point/117.txt","6","3","104421","1511","75639","501","180060","2012","2","2059","85579","965","306252","2021","391831","2986","11","2","3","1553","true"
"Test-Generating/data/Point-To-Point/117.txt","6","3","81581","1335","75562","501","157143","1836","2","1819","35564","614","301017","2015","336581","2629","11","2","3","1007","true"
"Test-Generating/data/Point-To-Point/118.txt","12","3","73305","1422","74918","501","148223","1923","2","1967","169306","2279","303764","2022","473070","4301","15","2","3","4411","true"
"Test-Generating/data/Point-To-Point/118.txt","12","3","111850","1760","75532","501","187382","2261","2","2435","220328","2579","305506","2021","525834","4600","15","2","3","4937","true"
"Test-Generating/data/Point-To-Point/118.txt","12","3","84786","1539","74823","501","159609","2040","2","2129","159964","2196","300840","2021","460804","4217","15","2","3","4085","true"
"Test-Generating/data/Point-To-Point/119.txt","7","3","69259","1357","76011","501","145270","1858","2","1877","77565","1054","302162","2013","379727","3067","13","2","3","2372","true"
"Test-Generating/data/Point-To-Point/119.txt","7","3","235081","2488","76028","501","311109","2989","2","3443","101822","1201","304481","2021","406303","3222","13","2","3","2788","true"
"Test-Generating/data/Point-To-Point/119.txt","7","3","133279","1877","75631","501","208910","2378","2","2597","53082","837","305186","2017","358268","2854","13","2","3","2214","true"
"Test-Generating/data/Point-To-Point/120.txt","14","3","129195","1956","75307","501","204502","2457","2","2736","218037","2707","304052","2020","522089","4727","14","2","3","4900","true"
"Test-Generating/data/Point-To-Point/120.txt","14","3","225102","2586","75076","501","300178","3087","2","3618","275069","3007","304359","2023","579428","5030","15","2","3","5658","true"
"Test-Generating/data/Point-To-Point/120.txt","14","3","119540","1881","75409","501","194949","2382","2","2631","221239","2643","304043","2022","525282","4665","15","2","3","5190","true"
"Test-Generating/data/Point-To-Point/121.txt","9","3","214955","2556","75531","501","290486","3057","2","3576","234913","2665","304145","2025","539058","4690","13","2","3","4403","true"
"Test-Generating/data/Point-To-Point/121.txt","9","3","83211","1596","75437","501","158648","2097","2","2232","168407","2331","305735","2018","474142","4349","13","2","3","3861","true"
"Test-Generating/data/Point-To-Point/121.txt","9","3","123428","1926","74371","501","197799","2427","2","2694","177082","2313","302229","2016","479311","4329","13","2","3","3781","true"
"Test-Generating/data/Point-To-Point/122.txt","12","3","274361","2871","75286","501","349647","3372","2","4017","191967","2410","303031","2022","494998","4432","13","2","3","3954","true"
"Test-Generating/data/Point-To-Point/122.txt","12","3","276852","2886","74841","501","351693","3387","2","4038","130525","2066","303485","2019","434010","4085","13","2","3","3454","true"
"Test-Generating/data/Point-To-Point/122.txt","12","3","254280","2766","74075","501","328355","3267","2","3870","236997","2801","304071","2019","541068","4820","13","2","3","4663","true"
"Test-Generating/data/Point-To-Point/123.txt","25","3","306238","3409","76026","501","382264","3910","2","4841","247685","3152","299844","2024","547529","5176","15","2","3","6517","true"
"Test-Generating/data/Point-To-Point/123.txt","25","3","244285","3009","74430","501","318715","3510","2","4274","199743","2843","304070","2022","503813","4865","15","2","3","5683","true"
"Test-Generating/data/Point-To-Point/123.txt","25","3","260239","3124","74855","501","335094","3625","2","4436","326386","3665","303955","2019","630341","5684","15","2","3","7045","true"
"Test-Generating/data/Point-To-Point/124.txt","4","3","21","12","74603","500","74624","512","1","15","9","6","76944","514","76953","520","4","2","1","9","true"
"Test-Generating/data/Point-To-Point/124.txt","4","3","21","12","74722","500","74743","512","1","15","9","6","78632","516","78641","522","4","2","1","9","true"
"Test-Generating/data/Point-To-Point/124.txt","4","3","21","12","74242","500","74263","512","1","15","9","6","77055","511","77064","517","4","2","1","9","true"
"Test-Generating/data/Point-To-Point/125.txt","16","3","144362","1955","75694","501","220056","2456","2","2705","191822","2330","304616","2022","496438","4352","13","2","3","3760","true"
"Test-Generating/data/Point-To-Point/125.txt","16","3","140470","1916","75808","501","216278","2417","2","2651","206576","2451","303182","2017","509758","4468","13","2","3","3973","true"
"Test-Generating/data/Point-To-Point/125.txt","16","3","86035","1513","73726","501","159761","2014","2","2093","172871","2187","305842","2025","478713","4212","13","2","3","3527","true"
"Test-Generating/data/Point-To-Point/126.txt","6","3","104421","1511","75482","501","179903","2012","2","2059","93056","966","153115","1021","246171","1987","8","2","2","1555","true"
"Test-Generating/data/Point-To-Point/126.txt","6","3","85649","1368","74669","501","160318","1869","2","1864","74791","872","152244","1012","227035","1884","8","2","2","1404","true"
"Test-Generating/data/Point-To-Point/126.txt","6","3","142187","1764","74365","501","216552","2265","2","2404","68822","830","152152","1011","220974","1841","8","2","2","1341","true"
"Test-Generating/data/Point-To-Point/127.txt","8","3","210858","2160","75233","501","286091","2661","2","2944","78605","1238","304601","2023","383206","3261","12","2","3","2023","true"
"Test-Generating/data/Point-To-Point/127.txt","8","3","153032","1841","75933","501","228965","2342","2","2509","130450","1578","303992","2028","434442","3606","12","2","3","2565","true"
"Test-Generating/data/Point-To-Point/127.txt","8","3","91263","1423","75641","501","166904","1924","2","1939","149937","1693","303515","2021","453452","3714","12","2","3","2752","true"
"Test-Generating/data/Point-To-Point/128.txt","12","3","83301","1487","75017","501","158318","1988","2","2057","39557","712","303805","2018","343362","2730","11","2","3","1204","true"
"Test-Generating/data/Point-To-Point/128.txt","12","3","81837","1474","74979","501","156816","1975","2","2039","50392","796","303098","2016","353490","2812","11","2","3","1350","true"
"Test-Generating/data/Point-To-Point/128.txt","12","3","113587","1734","74837","501","188424","2235","2","2399","90231","1052","303265","2021","393496","3073","11","2","3","1780","true"
"Test-Generating/data/Point-To-Point/129.txt","8","3","166901","2123","75046","501","241947","2624","2","2939","130485","1812","304109","2017","434594","3829","13","2","3","3312","true"
"Test-Generating/data/Point-To-Point/129.txt","8","3","152589","2019","75115","501","227704","2520","2","2795","106218","1219","302787","2016","409005","3235","13","2","3","2589","true"
"Test-Generating/data/Point-To-Point/129.txt","8","3","204165","2344","74560","502","278725","2846","2","3245","140260","1403","306187","2019","446447","3422","13","2","3","3132","true"
"Test-Generating/data/Point-To-Point/130.txt","9","3","148261","1981","76551","501","224812","2482","2","2741","188326","2265","306352","2025","494678","4290","13","2","3","3701","true"
"Test-Generating/data/Point-To-Point/130.txt","9","3","203751","2332","75474","501","279225","2833","2","3227","185270","2320","306821","2049","492091","4369","13","2","3","3745","true"
"Test-Generating/data/Point-To-Point/130.txt","9","3","237290","2527","74687","501","311977","3028","2","3497","162230","2153","303746","2026","465976","4179","13","2","3","3505","true"
"Test-Generating/data/Point-To-Point/131.txt","4","3","91227","1412","75645","501","166872","1913","2","1924","102948","1018","154797","1016","257745","2034","8","2","2","1638","true"
"Test-Generating/data/Point-To-Point/131.txt","4","3","95490","1434","75099","501","170589","1935","2","1954","72200","855","152753","1020","224953","1875","8","2","2","1377","true"
"Test-Generating/data/Point-To-Point/131.txt","4","3","158513","1852","75754","501","234267","2353","2","2524","38193","636","154923","1019","193116","1655","8","2","2","1014","true"
"Test-Generating/data/Point-To-Point/132.txt","6","3","91191","1401","74815","501","166006","1902","2","1909","64797","811","153519","1013","218316","1824","8","2","2","1303","true"
"Test-Generating/data/Point-To-Point/132.txt","6","3","78888","1302","74862","501","153750","1803","2","1774","41576","650","151834","1012","193410","1662","8","2","2","1050","true"
"Test-Generating/data/Point-To-Point/132.txt","6","3","138636","1731","75270","501","213906","2232","2","2359","49699","710","154123","1018","203822","1728","8","2","2","1142","true"
"Test-Generating/data/Point-To-Point/133.txt","10","3","125774","1786","74703","501","200477","2287","2","2471","44943","737","153495","1020","198438","1757","8","2","2","1236","true"
"Test-Generating/data/Point-To-Point/133.txt","10","3","138799","1890","74547","501","213346","2391","2","2615","35878","654","152536","1015","188414","1669","8","2","2","1099","true"
"Test-Generating/data/Point-To-Point/133.txt","10","3","92251","1539","75780","501","168031","2040","2","2129","38575","684","153759","1016","192334","1700","8","2","2","1146","true"
"Test-Generating/data/Point-To-Point/134.txt","20","3","290083","3314","75755","501","365838","3815","2","4706","362772","3838","304218","2021","666990","5859","14","2","3","6767","true"
"Test-Generating/data/Point-To-Point/134.txt","20","3","259773","3161","74920","501","334693","3662","2","4490","236381","3075","306378","2024","542759","5099","14","2","3","5531","true"
"Test-Generating/data/Point-To-Point/134.txt","20","3","158601","2439","74852","501","233453","2940","2","3464","290743","3430","304690","2020","595433","5450","14","2","3","6112","true"
"Test-Generating/data/Point-To-Point/135.txt","10","3","89735","1626","74484","501","164219","2127","2","2274","84457","1108","154957","1025","239414","2133","8","2","2","1882","true"
"Test-Generating/data/Point-To-Point/135.txt","10","3","152039","2121","74707","501","226746","2622","2","2967","45550","807","151722","1015","197272","1822","8","2","2","1377","true"
"Test-Generating/data/Point-To-Point/135.txt","10","3","205065","2451","75052","501","280117","2952","2","3429","76949","1055","153990","1022","230939","2077","8","2","2","1802","true"
"Test-Generating/data/Point-To-Point/136.txt","8","3","212941","2358","73535","501","286476","2859","2","3263","164652","2270","302395","2020","467047","4290","14","2","3","3847","true"
"Test-Generating/data/Point-To-Point/136.txt","8","3","227290","2436","75234","501","302524","2937","2","3371","210034","2541","300996","2019","511030","4560","15","2","3","4599","true"
"Test-Generating/data/Point-To-Point/136.txt","8","3","164377","2085","74633","501","239010","2586","2","2885","185204","2403","303595","2019","488799","4422","14","2","3","4105","true"
"Test-Generating/data/Point-To-Point/137.txt","6","3","102","39","75717","500","75819","539","1","51","55","22","305230","2022","305285","2044","10","2","3","74","true"
"Test-Generating/data/Point-To-Point/137.txt","6","3","102","39","75803","500","75905","539","1","51","44","19","304231","2016","304275","2035","10","2","3","67","true"
"Test-Generating/data/Point-To-Point/137.txt","6","3","102","39","74561","500","74663","539","1","51","105","29","302899","2020","303004","2049","10","2","3","79","true"
"Test-Generating/data/Point-To-Point/138.txt","7","3","158444","2020","75938","506","234382","2526","2","2795","115764","1188","155005","1023","270769","2211","8","2","2","1985","true"
"Test-Generating/data/Point-To-Point/138.txt","7","3","125821","1799","76176","512","201997","2311","2","2489","45750","751","154220","1021","199970","1772","8","2","2","1253","true"
"Test-Generating/data/Point-To-Point/138.txt","7","3","115204","1721","77258","510","192462","2231","2","2381","49435","771","157289","1051","206724","1822","8","2","2","1295","true"
"Test-Generating/data/Point-To-Point/139.txt","15","3","145423","2076","75265","501","220688","2577","2","2904","66918","894","154327","1021","221245","1915","8","2","2","1501","true"
"Test-Generating/data/Point-To-Point/139.txt","15","3","70439","1331","75881","501","146320","1832","2","1841","43551","731","152144","1017","195695","1748","8","2","2","1223","true"
"Test-Generating/data/Point-To-Point/139.txt","15","3","285843","2901","74750","501","360593","3402","2","4059","90282","1050","153241","1021","243523","2071","8","2","2","1756","true"
"Test-Generating/data/Point-To-Point/140.txt","15","3","147784","2150","74794","501","222578","2651","2","3009","231845","2737","302512","2022","534357","4759","13","2","3","4550","true"
"Test-Generating/data/Point-To-Point/140.txt","15","3","243801","2721","75626","501","319427","3222","2","3807","268861","2976","304698","2017","573559","4993","13","2","3","4940","true"
"Test-Generating/data/Point-To-Point/140.txt","15","3","300927","3036","75880","501","376807","3537","2","4248","172400","2276","305071","2018","477471","4294","13","2","3","3730","true"
"Test-Generating/data/Point-To-Point/141.txt","15","3","254295","2766","74878","501","329173","3267","2","3870","268230","3129","302496","2021","570726","5150","16","2","3","6140","true"
"Test-Generating/data/Point-To-Point/141.txt","15","3","156124","2166","74923","501","231047","2667","2","3030","206727","2691","303171","2016","509898","4707","16","2","3","5641","true"
"Test-Generating/data/Point-To-Point/141.txt","15","3","171264","2256","74727","501","245991","2757","2","3156","255758","3090","304454","2023","560212","5113","16","2","3","5971","true"
"Test-Generating/data/Point-To-Point/142.txt","15","3","117429","1962","75709","501","193138","2463","2","2767","274436","3021","301895","2017","576331","5038","15","2","3","6106","true"
"Test-Generating/data/Point-To-Point/142.txt","15","3","341067","3373","75771","501","416838","3874","2","4759","157532","2309","304342","2026","461874","4335","14","2","3","4091","true"
"Test-Generating/data/Point-To-Point/142.txt","15","3","194606","2540","74793","501","269399","3041","2","3583","232175","2856","304633","2026","536808","4882","14","2","3","5050","true"
"Test-Generating/data/Point-To-Point/143.txt","7","3","198099","2083","73367","501","271466","2584","2","2839","90103","1048","152362","1015","242465","2063","9","2","2","1904","true"
"Test-Generating/data/Point-To-Point/143.txt","7","3","164591","2059","74972","501","239563","2560","2","2849","58700","838","154644","1019","213344","1857","9","2","2","1521","true"
"Test-Generating/data/Point-To-Point/143.txt","7","3","149349","1808","75087","501","224436","2309","2","2464","69914","908","153411","1019","223325","1927","9","2","2","1672","true"
"Test-Generating/data/Point-To-Point/144.txt","14","3","87887","1611","75373","501","163260","2112","2","2253","190682","2426","302013","2015","492695","4441","13","2","3","4008","true"
"Test-Generating/data/Point-To-Point/144.txt","14","3","202447","2480","74864","501","277311","2981","2","3471","206698","2557","304634","2023","511332","4580","13","2","3","4253","true"
"Test-Generating/data/Point-To-Point/144.txt","14","3","187812","2361","75720","501","263532","2862","2","3303","215692","2661","305321","2025","521013","4686","13","2","3","4428","true"
"Test-Generating/data/Point-To-Point/145.txt","6","3","177738","1962","75416","501","253154","2463","2","2674","83003","926","151596","1014","234599","1940","8","2","2","1480","true"
"Test-Generating/data/Point-To-Point/145.txt","6","3","88380","1379","74819","501","163199","1880","2","1879","66355","814","155249","1023","221604","1837","8","2","2","1310","true"
"Test-Generating/data/Point-To-Point/145.txt","6","3","95490","1434","75228","501","170718","1935","2","1954","30306","558","153635","1024","183941","1582","8","2","2","895","true"
"Test-Generating/data/Point-To-Point/146.txt","12","3","268142","2618","74435","501","342577","3119","2","3623","123193","1232","151957","1015","275150","2247","8","2","2","2045","true"
"Test-Generating/data/Point-To-Point/146.txt","12","3","260279","2579","75279","501","335558","3080","2","3569","92559","1068","152626","1021","245185","2089","8","2","2","1773","true"
"Test-Generating/data/Point-To-Point/146.txt","12","3","84624","1461","74375","501","158999","1962","2","2021","102066","1110","153497","1017","255563","2127","8","2","2","1855","true"
"Test-Generating/data/Point-To-Point/147.txt","12","3","91269","1641","74690","501","165959","2142","2","2295","271697","3059","303473","2014","575170","5073","15","2","3","5922","true"
"Test-Generating/data/Point-To-Point/147.txt","12","3","100114","1716","75582","501","175696","2217","2","2400","252581","2892","301391","2018","553972","4910","14","2","3","4874","true"
"Test-Generating/data/Point-To-Point/147.txt","12","3","295336","4146","76126","502","371462","4648","3","5802","230717","2701","303683","2029","534400","4730","14","2","3","4609","true"
"Test-Generating/data/Point-To-Point/148.txt","15","3","310389","3137","75384","501","385773","3638","2","4395","189219","2399","303827","2020","493046","4419","15","2","3","4519","true"
"Test-Generating/data/Point-To-Point/148.txt","15","3","304193","3092","74905","501","379098","3593","2","4332","264197","3130","302781","2025","566978","5155","14","2","3","5388","true"
"Test-Generating/data/Point-To-Point/148.txt","15","3","280529","2973","75760","501","356289","3474","2","4164","203752","2661","301761","2016","505513","4677","15","2","3","5201","true"
"Test-Generating/data/Point-To-Point/149.txt","14","3","274447","2886","75407","501","349854","3387","2","4038","77567","1102","302632","2014","380199","3116","13","2","3","3223","true"
"Test-Generating/data/Point-To-Point/149.txt","14","3","123499","1941","75661","501","199160","2442","2","2715","112173","1792","303387","2016","415560","3808","13","2","3","3581","true"
"Test-Generating/data/Point-To-Point/149.txt","14","3","143484","2091","76444","501","219928","2592","2","2925","129695","1435","303827","2021","433522","3456","13","2","3","4063","true"
"Test-Generating/data/Point-To-Point/150.txt","7","3","219488","2182","75589","501","295077","2683","2","2974","46761","743","153330","1012","200091","1755","9","2","2","1443","true"
"Test-Generating/data/Point-To-Point/150.txt","7","3","200156","2083","75575","501","275731","2584","2","2839","59701","838","151976","1013","211677","1851","9","2","2","1561","true"
"Test-Generating/data/Point-To-Point/150.txt","7","3","133446","1698","74809","501","208255","2199","2","2314","66552","911","152806","1020","219358","1931","9","2","2","1655","true"
"Test-Generating/data/Point-To-Point/151.txt","8","3","48","21","75320","500","75368","521","1","27","68","20","154747","1019","154815","1039","7","2","2","39","true"
"Test-Generating/data/Point-To-Point/151.txt","8","3","48","21","75568","500","75616","521","1","27","271","33","152570","1012","152841","1045","7","2","2","51","true"
"Test-Generating/data/Point-To-Point/151.txt","8","3","48","21","74553","500","74601","521","1","27","25","12","152543","1014","152568","1026","7","2","2","32","true"
"Test-Generating/data/Point-To-Point/152.txt","16","3","229997","2423","75367","501","305364","2924","2","3353","33838","639","154336","1020","188174","1659","8","2","2","1073","true"
"Test-Generating/data/Point-To-Point/152.txt","16","3","92251","1539","74498","501","166749","2040","2","2129","38474","683","151272","1014","189746","1697","8","2","2","1147","true"
"Test-Generating/data/Point-To-Point/152.txt","16","3","260326","2592","75471","501","335797","3093","2","3587","97427","1082","153729","1024","251156","2106","8","2","2","1810","true"
"Test-Generating/data/Point-To-Point/153.txt","12","3","162272","2059","74989","501","237261","2560","2","2849","140653","2089","302223","2022","442876","4111","15","2","3","3912","true"
"Test-Generating/data/Point-To-Point/153.txt","12","3","134797","1877","75024","501","209821","2378","2","2597","131117","2026","304573","2020","435690","4046","14","2","3","3503","true"
"Test-Generating/data/Point-To-Point/153.txt","12","3","92481","1565","74928","501","167409","2066","2","2165","175603","2290","303980","2019","479583","4309","14","2","3","3904","true"
"Test-Generating/data/Point-To-Point/154.txt","15","3","241161","2721","74471","501","315632","3222","2","3807","203876","2510","304066","2018","507942","4528","13","2","3","4106","true"
"Test-Generating/data/Point-To-Point/154.txt","15","3","286037","2945","75184","501","361221","3446","2","4122","180798","2378","303777","2019","484575","4397","13","2","3","3900","true"
"Test-Generating/data/Point-To-Point/154.txt","15","3","89645","1656","75083","501","164728","2157","2","2316","293776","3119","303845","2021","597621","5140","13","2","3","5176","true"
"Test-Generating/data/Point-To-Point/155.txt","9","3","145793","1797","76171","501","221964","2298","2","2449","203444","2131","303167","2018","506611","4149","13","2","3","3630","true"
"Test-Generating/data/Point-To-Point/155.txt","9","3","131857","1720","76133","501","207990","2221","2","2344","99308","1417","300160","2018","399468","3435","13","2","3","2597","true"
"Test-Generating/data/Point-To-Point/155.txt","9","3","63953","1192","75401","501","139354","1693","2","1624","173686","1924","302797","2017","476483","3941","13","2","3","3311","true"
"Test-Generating/data/Point-To-Point/156.txt","10","3","78901","1435","75896","501","154797","1936","2","1985","116361","1636","303750","2017","420111","3653","12","2","3","2766","true"
"Test-Generating/data/Point-To-Point/156.txt","10","3","113587","1734","75630","501","189217","2235","2","2399","36553","666","302231","2017","338784","2683","11","2","3","1144","true"
"Test-Generating/data/Point-To-Point/156.txt","10","3","197188","2280","75094","501","272282","2781","2","3155","118790","1659","302492","2018","421282","3677","12","2","3","2812","true"
"Test-Generating/data/Point-To-Point/157.txt","6","3","232164","2462","75833","501","307997","2963","2","3407","65829","1251","302265","2022","368094","3273","12","2","3","2122","true"
"Test-Generating/data/Point-To-Point/157.txt","6","3","229714","2449","75366","501","305080","2950","2","3389","191231","2109","302943","2020","494174","4129","12","2","3","3562","true"
"Test-Generating/data/Point-To-Point/157.txt","6","3","208249","2332","75142","501","283391","2833","2","3227","199840","2160","303423","2018","503263","4178","12","2","3","3644","true"
"Test-Generating/data/Point-To-Point/158.txt","20","3","238643","2880","75945","501","314588","3381","2","4063","245805","3015","303028","2030","548833","5045","15","2","3","5863","true"
"Test-Generating/data/Point-To-Point/158.txt","20","3","250186","2946","74974","501","325160","3447","2","4159","240835","2937","304669","2022","545504","4959","15","2","3","5712","true"
