,Unnamed: 0.11,Unnamed: 0.10,Unnamed: 0.9,Unnamed: 0.8,Unnamed: 0.7,Unnamed: 0.6,Unnamed: 0.5,Unnamed: 0.4,Unnamed: 0.3,Unnamed: 0.2,Unnamed: 0.1,Unnamed: 0,FILE_NAME,STATES,INPUTS,LSTAR_MQ_SYM,LSTAR_MQ_RST,LSTAR_EQ_SYM,LSTAR_EQ_RST,LSTAR_TOTAL_SYM,LSTAR_TOTAL_RST,LSTAR_EQs,LSTAR_MQs,CLSTAR_MQ_SYM,CLSTAR_MQ_RST,CLSTAR_EQ_SYM,CLSTAR_EQ_RST,CLSTAR_TOTAL_SYM,CLSTAR_TOTAL_RST,CLSTAR_EQs,CLSTAR_COMPONENTS,CLSTAR_ROUNDS,CLSTAR_MQs,CACHE
0,0.0,0.0,0.0,0.0,0.0,0.0,0.0,0.0,0.0,0.0,0.0,0.0,1,100,4,656515,8081,75131,501,731646,8582,2,10523,562882,6382,531555,3527,1094437,9909,24,3,4,11086,True
1,1.0,1.0,1.0,1.0,1.0,1.0,1.0,1.0,1.0,1.0,1.0,1.0,2,100,4,453031,6922,74580,501,527611,7423,2,9035,350477,5097,528240,3520,878717,8617,25,3,4,9347,True
2,2.0,2.0,2.0,2.0,2.0,2.0,2.0,2.0,2.0,2.0,2.0,2.0,3,100,4,503719,7455,75513,501,579232,7956,2,9755,554570,6498,530570,3529,1085140,10027,26,3,4,12118,True
3,3.0,3.0,3.0,3.0,3.0,3.0,3.0,3.0,3.0,3.0,3.0,3.0,4,125,4,556295,10160,76546,507,632841,10667,3,13129,469498,5909,531467,3538,1000965,9447,24,3,4,9883,True
4,4.0,4.0,4.0,4.0,4.0,4.0,4.0,4.0,4.0,4.0,4.0,4.0,5,125,4,433336,9262,78499,520,511835,9782,3,11969,347717,4766,532560,3549,880277,8315,23,3,4,8073,True
5,5.0,5.0,5.0,5.0,5.0,5.0,5.0,5.0,5.0,5.0,5.0,5.0,6,125,4,1116301,13789,75343,507,1191644,14296,3,17809,363329,5140,530345,3544,893674,8684,24,3,4,8582,True
6,6.0,6.0,6.0,6.0,6.0,6.0,6.0,6.0,6.0,6.0,6.0,6.0,7,100,4,283036,6293,75165,501,358201,6794,2,8209,463271,5509,530079,3529,993350,9038,23,3,4,9267,True
7,7.0,7.0,7.0,7.0,7.0,7.0,7.0,7.0,7.0,7.0,7.0,7.0,8,100,4,688958,9231,74397,501,763355,9732,2,12066,342905,4702,531144,3521,874049,8223,23,3,4,7869,True
8,8.0,8.0,8.0,8.0,8.0,8.0,8.0,8.0,8.0,8.0,8.0,8.0,9,100,4,730775,9378,75987,501,806762,9879,2,12242,476846,5388,527604,3526,1004450,8914,23,3,4,8997,True
9,9.0,9.0,9.0,9.0,9.0,9.0,9.0,9.0,9.0,9.0,9.0,9.0,10,125,4,372542,8168,75066,501,447608,8669,2,10828,514330,6247,529847,3538,1044177,9785,23,3,4,10872,True
10,10.0,10.0,10.0,10.0,10.0,10.0,10.0,10.0,10.0,10.0,10.0,10.0,11,125,4,744760,12512,75354,504,820114,13016,3,17328,399869,5492,530308,3535,930177,9027,23,3,4,9531,True
11,11.0,11.0,11.0,11.0,11.0,11.0,11.0,11.0,11.0,11.0,11.0,11.0,12,125,4,563988,9340,76154,501,640142,9841,2,12336,392765,5312,532957,3542,925722,8854,23,3,4,9222,True
12,12.0,12.0,12.0,12.0,12.0,12.0,12.0,12.0,12.0,12.0,12.0,12.0,13,100,4,409173,6512,75232,501,484405,7013,2,8555,430106,5450,529200,3528,959306,8978,23,3,4,9237,True
13,13.0,13.0,13.0,13.0,13.0,13.0,13.0,13.0,13.0,13.0,13.0,13.0,14,100,4,504626,7067,75432,501,580058,7568,2,9275,479208,5789,531288,3533,1010496,9322,23,3,4,9815,True
14,14.0,14.0,14.0,14.0,14.0,14.0,14.0,14.0,14.0,14.0,14.0,14.0,15,100,4,346869,6260,74750,501,421619,6761,2,8219,422300,5461,529690,3528,951990,8989,23,3,4,9383,True
15,15.0,15.0,15.0,15.0,15.0,15.0,15.0,15.0,15.0,15.0,15.0,15.0,16,125,4,460728,6182,75430,501,536158,6683,2,8075,529268,6386,529259,3527,1058527,9913,26,3,4,12018,True
16,16.0,16.0,16.0,16.0,16.0,16.0,16.0,16.0,16.0,16.0,16.0,16.0,17,125,4,343181,5536,75063,501,418244,6037,2,7211,488927,5812,529474,3529,1018401,9341,24,3,4,9938,True
17,17.0,17.0,17.0,17.0,17.0,17.0,17.0,17.0,17.0,17.0,17.0,17.0,18,125,4,772694,8026,75493,501,848187,8527,2,10475,399157,5365,529391,3524,928548,8889,25,3,4,9854,True
18,18.0,18.0,18.0,18.0,18.0,18.0,18.0,18.0,18.0,18.0,18.0,18.0,19,100,4,822463,10302,75723,501,898186,10803,2,13532,790427,8888,531837,3535,1322264,12423,27,3,4,16540,True
19,19.0,19.0,19.0,19.0,19.0,19.0,19.0,19.0,19.0,19.0,19.0,19.0,20,100,4,537002,8852,75446,501,612448,9353,2,11660,500823,5955,530946,3531,1031769,9486,24,3,4,10248,True
20,20.0,20.0,20.0,20.0,20.0,20.0,20.0,20.0,20.0,20.0,20.0,20.0,21,100,4,544011,7721,75567,501,619578,8222,2,10086,505640,6669,531428,3538,1037068,10207,26,3,4,12420,True
21,21.0,21.0,21.0,21.0,21.0,21.0,21.0,21.0,21.0,21.0,21.0,21.0,22,100,4,328449,5279,75821,501,404270,5780,2,6809,519370,5981,526689,3523,1046059,9504,27,3,4,11572,True
22,22.0,22.0,22.0,22.0,22.0,22.0,22.0,22.0,22.0,22.0,22.0,22.0,23,100,4,470046,6266,75038,501,545084,6767,2,8106,477271,5643,532939,3531,1010210,9174,28,3,4,11201,True
23,23.0,23.0,23.0,23.0,23.0,23.0,23.0,23.0,23.0,23.0,23.0,23.0,24,100,4,434604,5775,75724,501,510328,6276,2,7449,408935,5244,529167,3526,938102,8770,28,3,4,10743,True
24,24.0,24.0,24.0,24.0,24.0,24.0,24.0,24.0,24.0,24.0,24.0,24.0,25,100,4,570761,7727,75707,501,646468,8228,2,10139,514527,6199,528774,3529,1043301,9728,24,3,4,10841,True
25,25.0,25.0,25.0,25.0,25.0,25.0,25.0,25.0,25.0,25.0,25.0,25.0,26,100,4,383659,6282,76681,501,460340,6783,2,8267,449728,5655,530913,3524,980641,9179,25,3,4,10600,True
26,26.0,26.0,26.0,26.0,26.0,26.0,26.0,26.0,26.0,26.0,26.0,26.0,27,100,4,712773,8453,74392,501,787165,8954,2,11099,419605,5454,529996,3532,949601,8986,24,3,4,9589,True
27,27.0,27.0,27.0,27.0,27.0,27.0,27.0,27.0,27.0,27.0,27.0,27.0,28,103,4,276377,4907,76199,501,352576,5408,2,6329,444874,5415,527801,3523,972675,8938,26,3,4,9938,True
28,28.0,28.0,28.0,28.0,28.0,28.0,28.0,28.0,28.0,28.0,28.0,28.0,29,103,4,395937,5651,75550,501,471487,6152,2,7289,362832,4815,530199,3531,893031,8346,26,3,4,9174,True
29,29.0,29.0,29.0,29.0,29.0,29.0,29.0,29.0,29.0,29.0,29.0,29.0,30,103,4,526844,6457,74684,501,601528,6958,2,8329,408875,5163,531375,3527,940250,8690,26,3,4,9441,True
30,30.0,30.0,30.0,30.0,30.0,30.0,30.0,30.0,30.0,30.0,30.0,30.0,31,123,5,631896,9728,76502,501,708398,10229,2,11945,490222,6363,831985,5556,1322207,11919,34,4,5,10743,True
31,31.0,31.0,31.0,31.0,31.0,31.0,31.0,31.0,31.0,31.0,31.0,31.0,32,123,5,306416,7009,74657,501,381073,7510,2,8645,495578,6165,829065,5548,1324643,11713,33,4,5,10365,True
32,32.0,32.0,32.0,32.0,32.0,32.0,32.0,32.0,32.0,32.0,32.0,32.0,33,123,5,1127013,15668,76015,503,1203028,16171,3,19425,344386,5099,833584,5550,1177970,10649,33,4,5,8576,True
33,33.0,33.0,33.0,33.0,33.0,33.0,33.0,33.0,33.0,33.0,33.0,33.0,34,120,5,929148,18214,76444,503,1005592,18717,3,22632,734291,8791,833254,5544,1567545,14335,39,4,5,17116,True
34,34.0,34.0,34.0,34.0,34.0,34.0,34.0,34.0,34.0,34.0,34.0,34.0,35,120,5,353031,10741,75881,501,428912,11242,2,13207,772868,9139,831566,5545,1604434,14684,39,4,5,17583,True
35,35.0,35.0,35.0,35.0,35.0,35.0,35.0,35.0,35.0,35.0,35.0,35.0,36,120,5,2006973,24974,75838,503,2082811,25477,3,30952,466267,6259,833238,5530,1299505,11789,40,4,5,14622,True
36,36.0,36.0,36.0,36.0,36.0,36.0,36.0,36.0,36.0,36.0,36.0,36.0,37,147,5,680693,11278,73888,501,754581,11779,2,13857,839568,9606,832463,5544,1672031,15150,38,4,5,16707,True
37,37.0,37.0,37.0,37.0,37.0,37.0,37.0,37.0,37.0,37.0,37.0,37.0,38,147,5,1274986,19341,75581,502,1350567,19843,3,23737,911148,10212,828986,5538,1740134,15750,39,4,5,18305,True
38,38.0,38.0,38.0,38.0,38.0,38.0,38.0,38.0,38.0,38.0,38.0,38.0,39,147,5,838841,12200,74179,501,913020,12701,2,15027,676646,8545,827532,5528,1504178,14073,40,4,5,15789,True
39,39.0,39.0,39.0,39.0,39.0,39.0,39.0,39.0,39.0,39.0,39.0,39.0,40,150,5,568326,9308,75314,501,643640,9809,2,11395,487638,5864,829724,5538,1317362,11402,37,4,5,11820,True
40,40.0,40.0,40.0,40.0,40.0,40.0,40.0,40.0,40.0,40.0,40.0,40.0,41,150,5,377157,7904,75097,501,452254,8405,2,9690,601208,7250,832030,5539,1433238,12789,40,4,5,14807,True
41,41.0,41.0,41.0,41.0,41.0,41.0,41.0,41.0,41.0,41.0,41.0,41.0,42,150,5,546430,9031,75295,501,621725,9532,2,11120,516664,6594,833020,5541,1349684,12135,40,4,5,13472,True
42,42.0,42.0,42.0,42.0,42.0,42.0,42.0,42.0,42.0,42.0,42.0,42.0,43,114,5,411484,6113,75095,501,486579,6614,2,7433,446647,5612,831331,5535,1277978,11147,38,4,5,10924,True
43,43.0,43.0,43.0,43.0,43.0,43.0,43.0,43.0,43.0,43.0,43.0,43.0,44,114,5,529844,6927,74737,501,604581,7428,2,8423,404395,5726,830996,5534,1235391,11260,40,4,5,11454,True
44,44.0,44.0,44.0,44.0,44.0,44.0,44.0,44.0,44.0,44.0,44.0,44.0,45,114,5,235535,4892,75004,501,310539,5393,2,5948,441117,5235,831081,5529,1272198,10764,37,4,5,10398,True
45,45.0,45.0,45.0,45.0,45.0,45.0,45.0,45.0,45.0,45.0,45.0,45.0,46,120,5,1154355,13094,75319,501,1229674,13595,2,16031,528442,6459,831064,5535,1359506,11994,33,4,5,10856,True
46,46.0,46.0,46.0,46.0,46.0,46.0,46.0,46.0,46.0,46.0,46.0,46.0,47,120,5,719582,10472,75846,501,795428,10973,2,12851,500076,6359,833229,5537,1333305,11896,33,4,5,10838,True
47,47.0,47.0,47.0,47.0,47.0,47.0,47.0,47.0,47.0,47.0,47.0,47.0,48,120,5,591378,9477,75379,501,666757,9978,2,11651,424774,5288,833930,5539,1258704,10827,32,4,5,8816,True
48,48.0,48.0,48.0,48.0,48.0,48.0,48.0,48.0,48.0,48.0,48.0,48.0,49,210,5,497106,13543,75001,501,572107,14044,2,16631,816196,9191,832105,5542,1648301,14733,41,4,5,17370,True
49,49.0,49.0,49.0,49.0,49.0,49.0,49.0,49.0,49.0,49.0,49.0,49.0,50,210,5,1233238,16878,75602,501,1308840,17379,2,20711,716216,8691,833575,5537,1549791,14228,39,4,5,15696,True
50,50.0,50.0,50.0,50.0,50.0,50.0,50.0,50.0,50.0,50.0,50.0,50.0,51,210,5,746730,14896,73763,501,820493,15397,2,18311,698773,8531,831898,5538,1530671,14069,42,4,5,16715,True
51,51.0,51.0,51.0,51.0,51.0,51.0,51.0,51.0,51.0,51.0,51.0,51.0,52,147,5,512004,8425,74655,501,586659,8926,2,10295,396700,5129,833409,5532,1230109,10661,41,4,5,11768,True
52,52.0,52.0,52.0,52.0,52.0,52.0,52.0,52.0,52.0,52.0,52.0,52.0,53,147,5,810897,9439,76080,501,886977,9940,2,11509,496562,6254,836544,5531,1333106,11785,41,4,5,13414,True
53,53.0,53.0,53.0,53.0,53.0,53.0,53.0,53.0,53.0,53.0,53.0,53.0,54,147,5,426405,7348,75866,501,502271,7849,2,8959,519473,6033,833941,5535,1353414,11568,41,4,5,12977,True
54,54.0,54.0,54.0,54.0,54.0,54.0,54.0,54.0,54.0,54.0,54.0,54.0,55,120,5,1240570,16864,76129,504,1316699,17368,3,21130,511200,6497,831391,5545,1342591,12042,37,4,5,11493,True
55,55.0,55.0,55.0,55.0,55.0,55.0,55.0,55.0,55.0,55.0,55.0,55.0,56,120,5,1315090,17137,75269,502,1390359,17639,3,21515,521963,6607,833379,5535,1355342,12142,37,4,5,11651,True
56,56.0,56.0,56.0,56.0,56.0,56.0,56.0,56.0,56.0,56.0,56.0,56.0,57,120,5,343806,7908,75394,501,419200,8409,2,9690,565481,6489,830939,5550,1396420,12039,37,4,5,12034,True
57,57.0,57.0,57.0,57.0,57.0,57.0,57.0,57.0,57.0,57.0,57.0,57.0,58,231,5,1295812,26439,74770,504,1370582,26943,3,33193,718472,9045,829495,5539,1547967,14584,41,4,5,16966,True
58,58.0,58.0,58.0,58.0,58.0,58.0,58.0,58.0,58.0,58.0,58.0,58.0,59,231,5,1192748,25948,75140,503,1267888,26451,3,32213,733057,9050,829072,5541,1562129,14591,43,4,5,18149,True
59,59.0,59.0,59.0,59.0,59.0,59.0,59.0,59.0,59.0,59.0,59.0,59.0,60,231,5,935659,24213,75275,503,1010934,24716,3,30043,851105,10062,833799,5543,1684904,15605,43,4,5,19573,True
60,60.0,60.0,60.0,60.0,60.0,60.0,60.0,60.0,60.0,60.0,60.0,,61,510,6,1556811,43287,74796,501,1631607,43788,2,52304,1074019,13052,1207360,8055,2281379,21107,55,5,6,22772,True
61,61.0,61.0,61.0,61.0,61.0,61.0,61.0,61.0,61.0,61.0,61.0,,62,510,6,3328299,57816,76120,503,3404419,58319,3,70304,1123017,13393,1211381,8052,2334398,21445,57,5,6,23898,True
62,62.0,62.0,62.0,62.0,62.0,62.0,62.0,62.0,62.0,62.0,62.0,,63,510,6,1753657,43983,75292,501,1828949,44484,2,53204,1155827,13528,1210405,8048,2366232,21576,56,5,6,23946,True
63,63.0,63.0,63.0,63.0,63.0,63.0,63.0,63.0,63.0,63.0,63.0,,64,513,6,1762499,25215,74520,501,1837019,25716,2,30085,1048091,13164,1216393,8058,2264484,21222,54,5,6,23047,True
64,64.0,64.0,64.0,64.0,64.0,64.0,64.0,64.0,64.0,64.0,64.0,,65,513,6,1118293,22418,74994,501,1193287,22919,2,26641,1145167,13512,1206580,8055,2351747,21567,55,5,6,23664,True
65,65.0,65.0,65.0,65.0,65.0,65.0,65.0,65.0,65.0,65.0,65.0,,66,513,6,2115705,25857,74588,501,2190293,26358,2,30757,1150342,13714,1205997,8055,2356339,21769,53,5,6,23402,True
66,66.0,66.0,66.0,66.0,66.0,66.0,66.0,66.0,66.0,66.0,66.0,,67,480,6,913540,38097,74609,501,988149,38598,2,45289,729084,9311,1210871,8049,1939955,17360,58,5,6,20006,True
67,67.0,67.0,67.0,67.0,67.0,67.0,67.0,67.0,67.0,67.0,67.0,,68,480,6,1607580,40734,75154,501,1682734,41235,2,48397,915165,11117,1203793,8051,2118958,19168,56,5,6,21044,True
68,68.0,68.0,68.0,68.0,68.0,68.0,68.0,68.0,68.0,68.0,68.0,,69,480,6,1940398,45234,74691,501,2015089,45735,2,53564,987781,12174,1208064,8043,2195845,20217,58,5,6,23736,True
69,69.0,69.0,69.0,69.0,69.0,69.0,69.0,69.0,69.0,69.0,69.0,,70,372,6,1044110,15242,74159,501,1118269,15743,2,17962,803763,9945,1206940,8051,2010703,17996,51,5,6,17318,True
70,70.0,70.0,70.0,70.0,70.0,70.0,70.0,70.0,70.0,70.0,70.0,,71,372,6,447782,11490,74530,501,522312,11991,2,13540,852059,9921,1205846,8053,2057905,17974,52,5,6,18134,True
71,71.0,71.0,71.0,71.0,71.0,71.0,71.0,71.0,71.0,71.0,71.0,,72,372,6,488782,12162,75119,501,563901,12663,2,14332,676225,8236,1206879,8049,1883104,16285,51,5,6,15390,True
72,72.0,72.0,72.0,72.0,72.0,72.0,72.0,72.0,72.0,72.0,72.0,,73,240,6,1723622,30999,75851,502,1799473,31501,3,36587,1138327,14091,1206503,8057,2344830,22148,61,5,6,26184,True
73,73.0,73.0,73.0,73.0,73.0,73.0,73.0,73.0,73.0,73.0,73.0,,74,240,6,1297699,27278,74909,503,1372608,27781,3,32195,756861,9707,1205760,8047,1962621,17754,57,5,6,19419,True
74,74.0,74.0,74.0,74.0,74.0,74.0,74.0,74.0,74.0,74.0,74.0,,75,240,6,2634803,35330,75573,508,2710376,35838,3,41699,849412,10902,1211578,8046,2060990,18948,54,5,6,18625,True
75,75.0,75.0,75.0,75.0,75.0,75.0,75.0,75.0,75.0,75.0,75.0,,76,255,6,1225480,31098,75431,502,1300911,31600,3,36750,616058,8419,1205017,8052,1821075,16471,60,5,6,19267,True
76,76.0,76.0,76.0,76.0,76.0,76.0,76.0,76.0,76.0,76.0,76.0,,77,255,6,1657292,35811,75273,503,1732565,36314,3,42433,870236,10631,1202163,8044,2072399,18675,59,5,6,21704,True
77,77.0,77.0,77.0,77.0,77.0,77.0,77.0,77.0,77.0,77.0,77.0,,78,255,6,1741060,35870,75252,503,1816312,36373,3,42853,908477,11220,1208559,8050,2117036,19270,59,5,6,22540,True
78,78.0,78.0,78.0,78.0,78.0,78.0,78.0,78.0,78.0,78.0,78.0,,79,112,6,305186,7758,74530,501,379716,8259,2,9129,510291,6253,1207710,8049,1718001,14302,47,5,6,11689,True
79,79.0,79.0,79.0,79.0,79.0,79.0,79.0,79.0,79.0,79.0,79.0,,80,112,6,294694,7453,75130,501,369824,7954,2,8769,257221,3477,1212115,8048,1469336,11525,46,5,6,8091,True
80,80.0,80.0,80.0,80.0,80.0,80.0,80.0,80.0,80.0,80.0,80.0,,81,112,6,428088,8880,75037,501,503125,9381,2,10449,430158,5425,1206439,8038,1636597,13463,48,5,6,11354,True
81,81.0,81.0,81.0,81.0,81.0,81.0,81.0,81.0,81.0,81.0,81.0,,82,360,6,803854,21056,74778,501,878632,21557,2,24851,719520,8539,1207707,8049,1927227,16588,50,5,6,15881,True
82,82.0,82.0,82.0,82.0,82.0,82.0,82.0,82.0,82.0,82.0,82.0,,83,360,6,1331281,23066,74716,501,1405997,23567,2,27371,508102,6413,1206638,8046,1714740,14459,50,5,6,13018,True
83,83.0,83.0,83.0,83.0,83.0,83.0,83.0,83.0,83.0,83.0,83.0,,84,360,6,487897,18348,74785,501,562682,18849,2,21827,979817,11425,1209162,8046,2188979,19471,52,5,6,19979,True
84,84.0,84.0,84.0,84.0,84.0,84.0,84.0,84.0,84.0,84.0,84.0,,85,116,6,490378,8150,74977,501,565355,8651,2,9566,501854,6584,1205815,8045,1707669,14629,48,5,6,11358,True
85,85.0,85.0,85.0,85.0,85.0,85.0,85.0,85.0,85.0,85.0,85.0,,86,116,6,538590,8518,75881,501,614471,9019,2,9998,375176,4712,1207366,8046,1582542,12758,44,5,6,7915,True
86,86.0,86.0,86.0,86.0,86.0,86.0,86.0,86.0,86.0,86.0,86.0,,87,116,6,925426,10542,74762,501,1000188,11043,2,12374,274831,3029,1205985,8044,1480816,11073,44,5,6,6594,True
87,87.0,87.0,87.0,87.0,87.0,87.0,87.0,87.0,87.0,87.0,87.0,,88,240,6,1720344,28722,76461,504,1796805,29226,3,34201,1044471,13255,1210484,8069,2254955,21324,53,5,6,22435,True
88,88.0,88.0,88.0,88.0,88.0,88.0,88.0,88.0,88.0,88.0,88.0,,89,240,6,1611228,28035,75370,503,1686598,28538,3,33445,798836,9594,1202788,8046,2001624,17640,48,5,6,16248,True
89,89.0,89.0,89.0,89.0,89.0,89.0,89.0,89.0,89.0,89.0,89.0,,90,240,6,2446273,32702,75784,505,2522057,33207,3,38905,890931,11430,1211893,8061,2102824,19491,51,5,6,19230,True
90,90.0,90.0,90.0,90.0,90.0,90.0,90.0,90.0,90.0,90.0,,,91,144,7,482571,12453,74585,501,557156,12954,2,14289,228984,2820,1656700,11046,1885684,13866,64,6,7,9000,True
91,91.0,91.0,91.0,91.0,91.0,91.0,91.0,91.0,91.0,91.0,,,92,144,7,820550,15015,76101,501,896651,15516,2,17229,388353,4924,1663641,11059,2051994,15983,64,6,7,11024,True
92,92.0,92.0,92.0,92.0,92.0,92.0,92.0,92.0,92.0,92.0,,,93,144,7,1057252,16174,75390,501,1132642,16675,2,18559,348019,4620,1658299,11045,2006318,15665,64,6,7,10905,True
93,93.0,93.0,93.0,93.0,93.0,93.0,93.0,93.0,93.0,93.0,,,94,480,7,2329807,31807,75659,501,2405466,32308,2,36719,329362,3942,1656033,11042,1985395,14984,60,6,7,10272,True
94,94.0,94.0,94.0,94.0,94.0,94.0,94.0,94.0,94.0,94.0,,,95,480,7,1132191,28262,74386,501,1206577,28763,2,32519,250414,3922,1658357,11042,1908771,14964,60,6,7,9379,True
95,95.0,95.0,95.0,95.0,95.0,95.0,95.0,95.0,95.0,95.0,,,96,480,7,1138142,28038,76088,501,1214230,28539,2,32351,764102,9773,1654490,11048,2418592,20821,62,6,7,17029,True
96,96.0,96.0,96.0,96.0,96.0,96.0,96.0,96.0,96.0,96.0,,,97,1280,7,6612890,103823,76013,502,6688903,104325,3,120651,809364,10058,1657717,11062,2467081,21120,68,6,7,19115,True
97,97.0,97.0,97.0,97.0,97.0,97.0,97.0,97.0,97.0,97.0,,,98,1280,7,6993991,93436,75769,501,7069760,93937,2,108695,1055106,12185,1656517,11061,2711623,23246,68,6,7,22554,True
98,98.0,98.0,98.0,98.0,98.0,98.0,98.0,98.0,98.0,98.0,,,99,1280,7,5034140,90596,76717,501,5110857,91097,2,105363,999013,11019,1661012,11061,2660025,22080,67,6,7,20508,True
99,99.0,99.0,99.0,99.0,99.0,99.0,99.0,99.0,99.0,99.0,,,100,483,7,1856074,50085,75400,501,1931474,50586,2,58079,1051351,12607,1659687,11061,2711038,23668,65,6,7,21395,True
100,100.0,100.0,100.0,100.0,100.0,100.0,100.0,100.0,100.0,100.0,,,101,483,7,2028353,50860,75477,501,2103830,51361,2,59024,822085,10589,1660863,11055,2482948,21644,67,6,7,19874,True
101,101.0,101.0,101.0,101.0,101.0,101.0,101.0,101.0,101.0,101.0,,,102,483,7,2571188,52661,74421,501,2645609,53162,2,61124,938151,11426,1662533,11058,2600684,22484,66,6,7,20305,True
102,102.0,102.0,102.0,102.0,102.0,102.0,102.0,102.0,102.0,102.0,,,103,1200,7,4395151,99224,76357,502,4471508,99726,3,115487,528226,6248,1654231,11040,2182457,17288,61,6,7,12720,True
103,103.0,103.0,103.0,103.0,103.0,103.0,103.0,103.0,103.0,103.0,,,104,1200,7,3923718,97235,74968,502,3998686,97737,3,113695,895387,10606,1655854,11047,2551241,21653,63,6,7,19535,True
104,104.0,104.0,104.0,104.0,104.0,104.0,104.0,104.0,104.0,104.0,,,105,1200,7,3244480,96019,76458,502,3320938,96521,3,111791,980287,12126,1663590,11054,2643877,23180,65,6,7,22096,True
105,105.0,105.0,105.0,105.0,105.0,105.0,105.0,105.0,105.0,105.0,,,106,1944,7,7679403,164236,75667,505,7755070,164741,3,189631,1436502,16391,1662135,11064,3098637,27455,76,6,7,30969,True
106,106.0,106.0,106.0,106.0,106.0,106.0,106.0,106.0,106.0,106.0,,,107,1944,7,4083079,163751,76351,504,4159430,164255,3,189071,1343309,15975,1660097,11065,3003406,27040,80,6,7,32584,True
107,107.0,107.0,107.0,107.0,107.0,107.0,107.0,107.0,107.0,107.0,,,108,1944,7,5318646,160146,74544,502,5393190,160648,3,185375,1100457,13233,1654880,11063,2755337,24296,80,6,7,28680,True
108,108.0,108.0,108.0,108.0,108.0,108.0,108.0,108.0,108.0,108.0,,,109,519,7,2004069,52455,75259,501,2079328,52956,2,61019,796539,10649,1660664,11066,2457203,21715,69,6,7,20491,True
109,109.0,109.0,109.0,109.0,109.0,109.0,109.0,109.0,109.0,109.0,,,110,519,7,4695260,72997,74821,506,4770081,73503,3,84799,910370,11220,1659014,11058,2569384,22278,74,6,7,23887,True
110,110.0,110.0,110.0,110.0,110.0,110.0,110.0,110.0,110.0,110.0,,,111,519,7,3865294,72683,76804,509,3942098,73192,3,84239,895288,10977,1661466,11050,2556754,22027,68,6,7,22059,True
111,111.0,111.0,111.0,111.0,111.0,111.0,111.0,111.0,111.0,111.0,,,112,244,7,769726,18234,75087,501,844813,18735,2,20954,288253,3550,1656413,11051,1944666,14601,60,6,7,8572,True
112,112.0,112.0,112.0,112.0,112.0,112.0,112.0,112.0,112.0,112.0,,,113,244,7,1159639,20713,74727,501,1234366,21214,2,23803,591008,7207,1657921,11048,2248929,18255,59,6,7,12535,True
113,113.0,113.0,113.0,113.0,113.0,113.0,113.0,113.0,113.0,113.0,,,114,244,7,779253,18703,73915,501,853168,19204,2,21493,523557,6422,1661639,11049,2185196,17471,58,6,7,11335,True
114,114.0,114.0,114.0,114.0,114.0,114.0,114.0,114.0,114.0,114.0,,,115,648,7,1595717,25336,74698,501,1670415,25837,2,29116,290687,4211,1661089,11042,1951776,15253,56,6,7,7068,True
115,115.0,115.0,115.0,115.0,115.0,115.0,115.0,115.0,115.0,115.0,,,116,648,7,2332184,28552,75929,501,2408113,29053,2,32812,467562,6364,1658382,11049,2125944,17413,59,6,7,10514,True
116,116.0,116.0,116.0,116.0,116.0,116.0,116.0,116.0,116.0,116.0,,,117,648,7,1784780,27011,73971,501,1858751,27512,2,31041,623953,7311,1658543,11058,2282496,18369,59,6,7,12121,True
117,117.0,117.0,117.0,117.0,117.0,117.0,117.0,117.0,117.0,117.0,,,118,1008,7,1634618,65401,75316,501,1709934,65902,2,76034,1342261,15720,1661085,11061,3003346,26781,71,6,7,28173,True
118,118.0,118.0,118.0,118.0,118.0,118.0,118.0,118.0,118.0,118.0,,,119,1008,7,2843599,70973,75302,501,2918901,71474,2,82124,830887,10023,1665841,11062,2496728,21085,72,6,7,22214,True
119,119.0,119.0,119.0,119.0,119.0,119.0,119.0,119.0,119.0,119.0,,,120,1008,7,2062682,67570,75235,501,2137917,68071,2,78449,659970,9054,1665130,11061,2325100,20115,72,6,7,19877,True
120,120.0,120.0,120.0,120.0,120.0,120.0,120.0,120.0,120.0,,,,121,6192,8,29065548,526856,75458,502,29141006,527358,3,600065,1486021,18035,2184191,14567,3670212,32602,98,7,8,35083,True
121,121.0,121.0,121.0,121.0,121.0,121.0,121.0,121.0,121.0,,,,122,6192,8,30409604,516456,74987,501,30484591,516957,2,589121,1890432,21807,2182434,14569,4072866,36376,102,7,8,41836,True
122,122.0,122.0,122.0,122.0,122.0,122.0,122.0,122.0,122.0,,,,123,6192,8,31250839,529676,75079,502,31325918,530178,3,604817,1443069,18030,2190740,14570,3633809,32600,98,7,8,34585,True
123,123.0,123.0,123.0,123.0,123.0,123.0,123.0,123.0,123.0,,,,124,4320,8,23711952,579575,74746,501,23786698,580076,2,661826,1324074,17089,2183193,14566,3507267,31655,95,7,8,32431,True
124,124.0,124.0,124.0,124.0,124.0,124.0,124.0,124.0,124.0,,,,125,4320,8,50059771,582371,74927,501,50134698,582872,2,664714,1768576,21628,2187108,14575,3955684,36203,96,7,8,37433,True
125,125.0,125.0,125.0,125.0,125.0,125.0,125.0,125.0,125.0,,,,126,4320,8,22438399,580687,75603,501,22514002,581188,2,663194,1420632,17928,2178748,14564,3599380,32492,93,7,8,31426,True
126,126.0,126.0,126.0,126.0,126.0,126.0,126.0,126.0,126.0,,,,127,3200,8,5099498,192338,75661,502,5175159,192840,3,219506,1800583,22325,2184357,14574,3984940,36899,108,7,8,44149,True
127,127.0,127.0,127.0,127.0,127.0,127.0,127.0,127.0,127.0,,,,128,3200,8,7302613,213550,76222,512,7378835,214062,4,244890,2049089,24112,2192213,14595,4241302,38707,102,7,8,44473,True
128,128.0,128.0,128.0,128.0,128.0,128.0,128.0,128.0,128.0,,,,129,3200,8,8391341,214022,76737,506,8468078,214528,4,243370,1575174,19266,2193696,14649,3768870,33915,104,7,8,38491,True
129,129.0,129.0,129.0,129.0,129.0,129.0,129.0,129.0,129.0,,,,130,24036,8,95640427,2864876,79429,528,95719856,2865404,4,3290468,1915471,23458,2192085,14582,4107556,38040,96,7,8,40591,True
130,130.0,130.0,130.0,130.0,130.0,130.0,130.0,130.0,130.0,,,,131,24036,8,98614958,2700722,79685,526,98694643,2701248,4,3119379,1751129,22391,2190246,14573,3941375,36964,95,7,8,38415,True
131,131.0,131.0,131.0,131.0,131.0,131.0,131.0,131.0,131.0,,,,132,24036,8,76773703,2713151,77951,513,76851654,2713664,4,3123059,1904335,23385,2185365,14574,4089700,37959,98,7,8,41181,True
132,132.0,132.0,132.0,132.0,132.0,132.0,132.0,132.0,132.0,,,,133,7500,8,17369421,1102950,76875,504,17446296,1103454,4,1259379,1427649,17213,2185036,14578,3612685,31791,96,7,8,34143,True
133,133.0,133.0,133.0,133.0,133.0,133.0,133.0,133.0,133.0,,,,134,7500,8,18466754,1100563,75976,506,18542730,1101069,4,1257299,1136160,14420,2183803,14568,3319963,28988,93,7,8,29138,True
134,134.0,134.0,134.0,134.0,134.0,134.0,134.0,134.0,134.0,,,,135,7500,8,20358332,1058847,78707,529,20437039,1059376,5,1217994,1174290,14915,2189039,14583,3363329,29498,93,7,8,29729,True
135,135.0,135.0,135.0,135.0,135.0,135.0,135.0,135.0,135.0,,,,136,3894,8,10348244,319492,76877,501,10425121,319993,2,365312,1232718,14965,2189466,14565,3422184,29530,95,7,8,30510,True
136,136.0,136.0,136.0,136.0,136.0,136.0,136.0,136.0,136.0,,,,137,3894,8,9473941,319948,75819,501,9549760,320449,2,365856,1325121,15439,2192399,14581,3517520,30020,94,7,8,31147,True
137,137.0,137.0,137.0,137.0,137.0,137.0,137.0,137.0,137.0,,,,138,3894,8,7079166,328350,74303,503,7153469,328853,3,374560,1111936,14537,2180267,14562,3292203,29099,92,7,8,28008,True
138,138.0,138.0,138.0,138.0,138.0,138.0,138.0,138.0,138.0,,,,139,7344,8,48351905,829381,74499,503,48426404,829884,3,945188,1553744,19077,2185504,14565,3739248,33642,97,7,8,36879,True
139,139.0,139.0,139.0,139.0,139.0,139.0,139.0,139.0,139.0,,,,140,7344,8,62154768,845692,75000,502,62229768,846194,3,959972,1668509,19777,2188152,14569,3856661,34346,95,7,8,37022,True
140,140.0,140.0,140.0,140.0,140.0,140.0,140.0,140.0,140.0,,,,141,7344,8,58554112,826674,75225,502,58629337,827176,3,944180,1909443,23035,2189461,14580,4098904,37615,99,7,8,42684,True
141,141.0,141.0,141.0,141.0,141.0,141.0,141.0,141.0,141.0,,,,142,5400,8,14388182,564823,74950,502,14463132,565325,3,646289,1351700,17868,2183824,14572,3535524,32440,97,7,8,33705,True
142,142.0,142.0,142.0,142.0,142.0,142.0,142.0,142.0,142.0,,,,143,5400,8,16956167,564998,75708,502,17031875,565500,3,648305,1517401,19667,2189446,14584,3706847,34251,97,7,8,36104,True
143,143.0,143.0,143.0,143.0,143.0,143.0,143.0,143.0,143.0,,,,144,5400,8,20155116,586183,75269,505,20230385,586688,4,672065,1520591,18440,2188307,14573,3708898,33013,94,7,8,32766,True
144,144.0,144.0,144.0,144.0,144.0,144.0,144.0,144.0,144.0,,,,145,6400,8,9980178,461823,76819,512,10056997,462335,3,527375,1353729,16922,2192488,14597,3546217,31519,91,7,8,30743,True
145,145.0,145.0,145.0,145.0,145.0,145.0,145.0,145.0,145.0,,,,146,6400,8,10006127,460542,75726,504,10081853,461046,3,525583,1121759,14189,2189447,14585,3311206,28774,88,7,8,25802,True
146,146.0,146.0,146.0,146.0,146.0,146.0,146.0,146.0,146.0,,,,147,6400,8,8395036,457045,76149,510,8471185,457555,3,520335,955286,12641,2192271,14581,3147557,27222,88,7,8,23900,True
147,147.0,147.0,147.0,147.0,147.0,147.0,147.0,147.0,147.0,,,,148,652,8,1774840,28401,74349,501,1849189,28902,2,32075,766633,9779,2185429,14555,2952062,24334,81,7,8,17013,True
148,148.0,148.0,148.0,148.0,148.0,148.0,148.0,148.0,148.0,,,,149,652,8,705379,22111,74744,501,780123,22612,2,24971,944325,11945,2183532,14558,3127857,26503,83,7,8,20552,True
149,149.0,149.0,149.0,149.0,149.0,149.0,149.0,149.0,149.0,,,,150,652,8,1785600,27976,75058,501,1860658,28477,2,31595,1009653,12339,2192445,14571,3202098,26910,86,7,8,22399,True
150,150.0,150.0,150.0,150.0,150.0,150.0,150.0,150.0,,,,,151,2064,9,5784355,232340,75303,501,5859658,232841,2,260655,2037485,24325,2788316,18581,4825801,42906,114,8,9,40862,True
151,151.0,151.0,151.0,151.0,151.0,151.0,151.0,151.0,,,,,152,2064,9,10664753,237797,75510,501,10740263,238298,2,266991,1522359,19387,2785610,18575,4307969,37962,113,8,9,33705,True
152,152.0,152.0,152.0,152.0,152.0,152.0,152.0,152.0,,,,,153,2064,9,9722606,253306,75255,509,9797861,253815,3,284127,1986406,23411,2796523,18589,4782929,42000,113,8,9,39093,True
153,153.0,153.0,153.0,153.0,153.0,153.0,153.0,153.0,,,,,154,2784,9,9645792,326772,75585,502,9721377,327274,3,364767,1598573,19700,2791795,18578,4390368,38278,107,8,9,33788,True
154,154.0,154.0,154.0,154.0,154.0,154.0,154.0,154.0,,,,,155,2784,9,9066163,310016,73894,502,9140057,310518,3,345884,1111636,14228,2783607,18580,3895243,32808,107,8,9,28025,True
155,155.0,155.0,155.0,155.0,155.0,155.0,155.0,155.0,,,,,156,2784,9,13074652,341349,75064,505,13149716,341854,4,381039,1596447,19550,2788738,18580,4385185,38130,112,8,9,36468,True
156,156.0,156.0,156.0,156.0,156.0,156.0,156.0,156.0,,,,,157,10624,9,21449979,794241,74608,501,21524587,794742,2,887679,1023037,12894,2781727,18565,3804764,31459,100,8,9,24938,True
157,157.0,157.0,157.0,157.0,157.0,157.0,157.0,157.0,,,,,158,10624,9,21028759,819071,76031,502,21104790,819573,3,920682,1288355,15893,2792875,18577,4081230,34470,102,8,9,28844,True
158,158.0,158.0,158.0,158.0,158.0,158.0,158.0,158.0,,,,,159,10624,9,22603779,786963,75012,501,22678791,787464,2,888705,1097449,12905,2783282,18564,3880731,31469,99,8,9,25155,True
159,159.0,159.0,159.0,159.0,159.0,159.0,159.0,159.0,,,,,160,4344,9,11795675,393250,75299,503,11870974,393753,3,443592,1373236,15968,2795221,18592,4168457,34560,112,8,9,33020,True
160,160.0,160.0,160.0,160.0,160.0,160.0,160.0,160.0,,,,,161,4344,9,8573273,391323,77762,515,8651035,391838,3,442737,2070082,25985,2800050,18657,4870132,44642,122,8,9,50193,True
161,161.0,161.0,161.0,161.0,161.0,161.0,161.0,161.0,,,,,162,4344,9,12148632,378308,76003,501,12224635,378809,2,426150,1644643,19610,2791118,18593,4435761,38203,112,8,9,36330,True
162,162.0,162.0,162.0,162.0,162.0,162.0,162.0,162.0,,,,,163,22896,9,27055670,1489045,76389,510,27132059,1489555,3,1675279,2483957,31017,2794678,18603,5278635,49620,127,8,9,54566,True
163,163.0,163.0,163.0,163.0,163.0,163.0,163.0,163.0,,,,,164,22896,9,35313646,1525363,77853,519,35391499,1525882,4,1717039,2234733,25959,2781412,18596,5016145,44555,124,8,9,48485,True
164,164.0,164.0,164.0,164.0,164.0,164.0,164.0,164.0,,,,,165,22896,9,26904858,1510498,76424,506,26981282,1511004,4,1706419,2473128,29852,2791991,18617,5265119,48469,125,8,9,52570,True
165,165.0,165.0,165.0,165.0,165.0,165.0,165.0,165.0,,,,,166,3072,9,7992187,247001,78176,522,8070363,247523,4,277722,1767400,21785,2795000,18612,4562400,40397,108,8,9,36677,True
166,166.0,166.0,166.0,166.0,166.0,166.0,166.0,166.0,,,,,167,3072,9,12389165,263153,82539,544,12471704,263697,4,295506,1284656,15715,2795729,18633,4080385,34348,101,8,9,26536,True
167,167.0,167.0,167.0,167.0,167.0,167.0,167.0,167.0,,,,,168,3072,9,8493247,237171,85289,571,8578536,237742,4,266607,1635406,19921,2798570,18619,4433976,38540,106,8,9,33630,True
168,168.0,168.0,168.0,168.0,168.0,168.0,168.0,168.0,,,,,169,5508,9,14710114,527874,76489,507,14786603,528381,4,593388,1486241,17656,2790371,18581,4276612,36237,116,8,9,36315,True
169,169.0,169.0,169.0,169.0,169.0,169.0,169.0,169.0,,,,,170,5508,9,14415781,531105,75573,504,14491354,531609,4,595440,1696668,22045,2782787,18586,4479455,40631,118,8,9,41493,True
170,170.0,170.0,170.0,170.0,170.0,170.0,170.0,170.0,,,,,171,5508,9,11576513,481821,73982,501,11650495,482322,2,541404,1673303,19396,2794693,18579,4467996,37975,118,8,9,38493,True
171,171.0,171.0,171.0,171.0,171.0,171.0,171.0,171.0,,,,,172,24000,9,141720681,1846764,75225,502,141795906,1847266,3,2080404,1333277,16665,2784632,18576,4117909,35241,117,8,9,34308,True
172,172.0,172.0,172.0,172.0,172.0,172.0,172.0,172.0,,,,,173,24000,9,149239384,1852305,76499,502,149315883,1852807,3,2086047,1180764,15140,2788670,18574,3969434,33714,116,8,9,32126,True
173,173.0,173.0,173.0,173.0,173.0,173.0,173.0,173.0,,,,,174,24000,9,192496666,1862266,74956,502,192571622,1862768,3,2091177,1661518,19894,2786027,18581,4447545,38475,119,8,9,40355,True
174,174.0,174.0,174.0,174.0,174.0,174.0,174.0,174.0,,,,,175,4374,9,17206426,717524,81708,539,17288134,718063,3,813439,1533900,19436,2796043,18636,4329943,38072,117,8,9,36676,True
175,175.0,175.0,175.0,175.0,175.0,175.0,175.0,175.0,,,,,176,4374,9,19526701,722691,75977,509,19602678,723200,3,818479,2406386,28851,2788483,18593,5194869,47444,122,8,9,50356,True
176,176.0,176.0,176.0,176.0,176.0,176.0,176.0,176.0,,,,,177,4374,9,26928635,736431,78482,522,27007117,736953,3,835399,1911508,24049,2803337,18632,4714845,42681,118,8,9,43263,True
177,177.0,177.0,177.0,177.0,177.0,177.0,177.0,177.0,,,,,178,792,9,2041035,106373,74860,501,2115895,106874,2,118679,1780138,22321,2787775,18586,4567913,40907,117,8,9,38872,True
178,178.0,178.0,178.0,178.0,178.0,178.0,178.0,178.0,,,,,179,792,9,4480326,128637,74754,502,4555080,129139,3,143519,1644265,20292,2787261,18580,4431526,38872,117,8,9,36862,True
179,179.0,179.0,179.0,179.0,179.0,179.0,179.0,179.0,,,,,180,792,9,3536310,110487,74853,501,3611163,110988,2,123269,1711132,20752,2784822,18582,4495954,39334,112,8,9,34997,True
180,180.0,180.0,180.0,180.0,180.0,180.0,180.0,,,,,,181,3816,10,10145161,379951,75006,502,10220167,380453,3,422837,2120577,25640,3481421,23118,5601998,48758,147,9,10,51895,True
181,181.0,181.0,181.0,181.0,181.0,181.0,181.0,,,,,,182,3816,10,8372150,365958,75279,501,8447429,366459,2,407537,1846496,22960,3463720,23096,5310216,46056,139,9,10,43059,True
182,182.0,182.0,182.0,182.0,182.0,182.0,182.0,,,,,,183,3816,10,8059238,376431,74785,503,8134023,376934,3,417797,2290299,26115,3470625,23111,5760924,49226,145,9,10,50672,True
183,183.0,183.0,183.0,183.0,183.0,183.0,183.0,,,,,,184,14640,10,61474449,1524692,76609,509,61551058,1525201,4,1692261,2447966,31801,3461894,23105,5909860,54906,156,9,10,61505,True
184,184.0,184.0,184.0,184.0,184.0,184.0,184.0,,,,,,185,14640,10,82939409,1550712,77463,510,83016872,1551222,5,1720421,2196540,27368,3467126,23106,5663666,50474,148,9,10,53183,True
185,185.0,185.0,185.0,185.0,185.0,185.0,185.0,,,,,,186,14640,10,61588153,1501010,75634,507,61663787,1501517,4,1670041,2209983,26476,3469832,23088,5679815,49564,148,9,10,53154,True
186,186.0,186.0,186.0,186.0,186.0,186.0,186.0,,,,,,187,9072,10,27745398,1417633,76638,516,27822036,1418149,5,1587101,2563481,31199,3465569,23130,6029050,54329,147,9,10,57760,True
187,187.0,187.0,187.0,187.0,187.0,187.0,187.0,,,,,,188,9072,10,22436455,1371579,75175,505,22511630,1372084,3,1527481,2476667,30508,3471253,23148,5947920,53656,149,9,10,57632,True
188,188.0,188.0,188.0,188.0,188.0,188.0,188.0,,,,,,189,9072,10,31078492,1402138,81679,540,31160171,1402678,4,1564441,2067495,25538,3468125,23105,5535620,48643,144,9,10,49233,True
189,189.0,189.0,189.0,189.0,189.0,189.0,189.0,,,,,,190,6936,10,26442564,575971,74230,501,26516794,576472,2,640997,1380450,17587,3466350,23080,4846800,40667,127,9,10,30447,True
190,190.0,190.0,190.0,190.0,190.0,190.0,190.0,,,,,,191,6936,10,34959302,580018,74828,501,35034130,580519,2,644237,1395269,18504,3467807,23078,4863076,41582,131,9,10,32778,True
191,191.0,191.0,191.0,191.0,191.0,191.0,191.0,,,,,,192,6936,10,31811606,605535,75056,503,31886662,606038,3,671957,1205977,15023,3462528,23096,4668505,38119,127,9,10,27895,True
192,192.0,192.0,192.0,192.0,192.0,192.0,192.0,,,,,,193,18688,10,165314296,3722007,75359,502,165389655,3722509,3,4150541,2943513,33744,3465884,23106,6409397,56850,142,9,10,59975,True
193,193.0,193.0,193.0,193.0,193.0,193.0,193.0,,,,,,194,18688,10,196423022,3733351,74894,502,196497916,3733853,3,4141301,2229141,27459,3459843,23095,5688984,50554,143,9,10,51708,True
194,194.0,194.0,194.0,194.0,194.0,194.0,194.0,,,,,,195,18688,10,175841852,3740566,74135,503,175915987,3741069,3,4152301,2440075,30473,3468471,23098,5908546,53571,145,9,10,54154,True
195,195.0,195.0,195.0,195.0,195.0,195.0,195.0,,,,,,196,11592,10,68040780,2385434,86030,572,68126810,2386006,5,2655201,2644062,32111,3458456,23088,6102518,55199,155,9,10,61605,True
196,196.0,196.0,196.0,196.0,196.0,196.0,196.0,,,,,,197,11592,10,61109651,2355781,76154,505,61185805,2356286,4,2626161,2666097,33722,3472202,23111,6138299,56833,147,9,10,58846,True
197,197.0,197.0,197.0,197.0,197.0,197.0,197.0,,,,,,198,11592,10,82872193,2362026,77218,514,82949411,2362540,4,2631001,2900983,34389,3467888,23107,6368871,57496,153,9,10,63823,True
198,198.0,198.0,198.0,198.0,198.0,198.0,198.0,,,,,,199,864,10,8871872,170983,77927,512,8949799,171495,3,189566,1184354,14279,3456117,23077,4640471,37356,119,9,10,24429,True
199,199.0,199.0,199.0,199.0,199.0,199.0,199.0,,,,,,200,864,10,7072459,171365,76663,505,7149122,171870,3,189906,1136740,14381,3454368,23077,4591108,37458,124,9,10,26899,True
200,200.0,200.0,200.0,200.0,200.0,200.0,200.0,,,,,,201,864,10,9661359,177825,78413,523,9739772,178348,3,197046,600328,8162,3462771,23060,4063099,31222,120,9,10,17947,True
201,201.0,201.0,201.0,201.0,201.0,201.0,201.0,,,,,,202,8064,10,45645206,1514777,75454,503,45720660,1515280,4,1682019,1736987,20853,3461685,23081,5198672,43934,127,9,10,37732,True
202,202.0,202.0,202.0,202.0,202.0,202.0,202.0,,,,,,203,8064,10,47239279,1480374,74978,505,47314257,1480879,3,1647819,1822584,22294,3465622,23108,5288206,45402,130,9,10,40532,True
203,203.0,203.0,203.0,203.0,203.0,203.0,203.0,,,,,,204,8064,10,43833115,1567658,74899,503,43908014,1568161,3,1739450,1886869,23699,3467931,23089,5354800,46788,130,9,10,41199,True
204,204.0,204.0,204.0,204.0,204.0,204.0,204.0,,,,,,205,3816,10,8281548,249845,74681,502,8356229,250347,3,276137,1386526,16318,3465894,23084,4852420,39402,142,9,10,37112,True
205,205.0,205.0,205.0,205.0,205.0,205.0,205.0,,,,,,206,3816,10,9341161,259513,75480,503,9416641,260016,3,286577,1481993,19016,3467395,23082,4949388,42098,143,9,10,39016,True
206,206.0,206.0,206.0,206.0,206.0,206.0,206.0,,,,,,207,3816,10,7749833,251526,75491,502,7825324,252028,3,277757,1383870,17951,3465254,23088,4849124,41039,142,9,10,37761,True
207,207.0,207.0,207.0,207.0,207.0,207.0,,,,,,,208,20394,10,119620327,3892371,75148,502,119695475,3892873,3,4314470,2442056,28886,3466774,23097,5908830,51983,150,9,10,55594,True
208,208.0,208.0,208.0,208.0,208.0,208.0,,,,,,,209,20394,10,140987796,4096635,74932,502,141062728,4097137,3,4528941,2526404,29976,3469323,23101,5995727,53077,151,9,10,57482,True
209,209.0,209.0,209.0,209.0,209.0,209.0,,,,,,,210,20394,10,148514206,4101013,75474,502,148589680,4101515,3,4533781,2121912,25312,3465017,23087,5586929,48399,148,9,10,50382,True
210,210.0,210.0,210.0,210.0,210.0,,,,,,,,211,24480,10,124903154,1908077,74808,501,124977962,1908578,2,2125430,1850250,22416,3462616,23081,5312866,45497,139,9,10,44875,True
211,211.0,211.0,211.0,211.0,211.0,,,,,,,,212,24480,10,117215009,1905229,75849,501,117290858,1905730,2,2126690,1348536,16962,3466250,23073,4814786,40035,137,9,10,36847,True
212,212.0,212.0,212.0,212.0,212.0,,,,,,,,213,24480,10,119725935,1918125,75064,502,119800999,1918627,3,2137820,1641198,20781,3459693,23087,5100891,43868,137,9,10,41101,True
213,213.0,213.0,213.0,213.0,,,,,,,,,214,17000,9,58083362,3156491,78816,517,58162178,3157008,3,3566632,2178274,27280,2789778,18606,4968052,45886,124,8,9,51320,True
214,214.0,214.0,214.0,214.0,,,,,,,,,215,17000,9,76237910,3173137,76223,506,76314133,3173643,4,3584848,2589482,31669,2793915,18609,5383397,50278,126,8,9,57390,True
215,215.0,215.0,215.0,215.0,,,,,,,,,216,17000,9,55406794,3159431,76630,505,55483424,3159936,4,3564562,2117789,25965,2792054,18593,4909843,44558,124,8,9,50295,True
216,216.0,216.0,216.0,,,,,,,,,,217,11184,10,54086271,1309943,74286,501,54160557,1310444,2,1461498,1389410,17475,3465203,23088,4854613,40563,135,9,10,37338,True
217,217.0,217.0,217.0,,,,,,,,,,218,11184,10,44298039,1464991,74336,502,44372375,1465493,3,1632770,1473966,17771,3463796,23089,4937762,40860,134,9,10,38072,True
218,218.0,218.0,218.0,,,,,,,,,,219,11184,10,50790683,1444673,74371,501,50865054,1445174,2,1608620,2224402,25890,3463056,23093,5687458,48983,139,9,10,49019,True
219,219.0,219.0,,,,,,,,,,,220,14256,10,37046205,1187702,78219,532,37124424,1188234,5,1331241,2376161,28578,3469043,23105,5845204,51683,139,9,10,51009,True
220,220.0,220.0,,,,,,,,,,,221,14256,10,23519851,1182471,75550,503,23595401,1182974,4,1316721,2867195,34510,3464798,23104,6331993,57614,147,9,10,61490,True
221,221.0,221.0,,,,,,,,,,,222,14256,10,34562188,1219229,76381,506,34638569,1219735,4,1361622,2642112,32236,3461325,23105,6103437,55341,148,9,10,59299,True
222,222.0,222.0,,,,,,,,,,,223,17604,9,41639495,2489133,75809,508,41715304,2489641,4,2797420,2508647,30388,2794741,18586,5303388,48974,119,8,9,51145,True
223,223.0,223.0,,,,,,,,,,,224,17604,9,39445663,2449813,90291,602,39535954,2450415,3,2776720,2953626,34792,2795647,18613,5749273,53405,129,8,9,60216,True
224,224.0,224.0,,,,,,,,,,,225,17604,9,37899114,2479334,85033,566,37984147,2479900,4,2794522,2553228,32022,2790551,18597,5343779,50619,125,8,9,55373,True
225,225.0,225.0,,,,,,,,,,,226,16280,9,39884899,1931295,76381,510,39961280,1931805,5,2189703,1347363,18165,2795367,18581,4142730,36746,117,8,9,35839,True
226,226.0,226.0,,,,,,,,,,,227,16280,9,37280205,1896048,75988,503,37356193,1896551,3,2149113,2047358,24207,2791311,18589,4838669,42796,121,8,9,46389,True
227,227.0,227.0,,,,,,,,,,,228,16280,9,39352027,1914068,75182,503,39427209,1914571,4,2166933,2328318,29263,2796887,18589,5125205,47852,128,8,9,54578,True
228,228.0,228.0,,,,,,,,,,,229,12672,10,22077003,1093484,79862,537,22156865,1094021,4,1222561,1810856,21392,3463726,23088,5274582,44480,149,9,10,47983,True
229,229.0,229.0,,,,,,,,,,,230,12672,10,23908413,1088451,75513,504,23983926,1088955,4,1213981,2166421,26547,3463075,23082,5629496,49629,139,9,10,48814,True
230,230.0,230.0,,,,,,,,,,,231,12672,10,19054536,1089161,76719,507,19131255,1089668,4,1213541,2039489,25998,3462708,23093,5502197,49091,145,9,10,50140,True
231,231.0,231.0,,,,,,,,,,,232,16056,9,51486491,2854503,75607,503,51562098,2855006,4,3229203,2796702,33383,2782692,18600,5579394,51983,145,8,9,65938,True
232,232.0,232.0,,,,,,,,,,,233,16056,9,51115350,2854930,75182,504,51190532,2855434,4,3248607,2859141,35080,2789473,18591,5648614,53671,149,8,9,68865,True
233,233.0,233.0,,,,,,,,,,,234,16056,9,48921028,2852806,74561,502,48995589,2853308,3,3220491,2737349,33025,2787310,18593,5524659,51618,140,8,9,63883,True
234,234.0,234.0,,,,,,,,,,,235,21600,10,214203780,2965785,76308,501,214280088,2966286,2,3295568,1970816,23217,3469645,23087,5440461,46304,142,9,10,44907,True
235,235.0,235.0,,,,,,,,,,,236,21600,10,253081287,3138978,75981,502,253157268,3139480,3,3483419,1701157,22008,3462444,23083,5163601,45091,140,9,10,41491,True
236,236.0,236.0,,,,,,,,,,,237,21600,10,166056550,2958163,74795,501,166131345,2958664,2,3289488,1875109,22977,3467858,23085,5342967,46062,143,9,10,44967,True
237,237.0,237.0,,,,,,,,,,,238,13120,10,43607226,1556962,74778,505,43682004,1557467,3,1719898,1924192,23705,3461755,23081,5385947,46786,143,9,10,46211,True
238,238.0,238.0,,,,,,,,,,,239,13120,10,42981146,1549566,75923,502,43057069,1550068,3,1711728,2230087,28988,3461362,23105,5691449,52093,147,9,10,51064,True
239,239.0,239.0,,,,,,,,,,,240,13120,10,76657279,1519900,73414,501,76730693,1520401,2,1684558,2063962,26073,3470424,23086,5534386,49159,142,9,10,46699,True
240,240.0,240.0,,,,,,,,,,,241,19072,10,47001904,1739757,79707,524,47081611,1740281,4,1940210,1929627,22838,3459480,23086,5389107,45924,136,9,10,43035,True
241,241.0,241.0,,,,,,,,,,,242,19072,10,57545202,1730661,76123,504,57621325,1731165,4,1926980,1886042,23951,3459581,23096,5345623,47047,145,9,10,46320,True
242,242.0,242.0,,,,,,,,,,,243,19072,10,83400470,1699033,75977,504,83476447,1699537,3,1897160,2410147,30053,3464778,23112,5874925,53165,147,9,10,54979,True
243,243.0,,,,,,,,,,,,244,25956,10,315084057,5210435,76329,506,315160386,5210941,4,5786461,2489629,30635,3467795,23095,5957424,53730,144,9,10,53992,True
244,244.0,,,,,,,,,,,,245,25956,10,291333242,5153254,75652,501,291408894,5153755,2,5722881,2126086,25408,3459579,23095,5585665,48503,141,9,10,48859,True
245,245.0,,,,,,,,,,,,246,25956,10,200032263,5159781,74651,502,200106914,5160283,3,5742021,2312948,28459,3471619,23097,5784567,51556,148,9,10,54267,True
246,246.0,,,,,,,,,,,,247,28800,9,266355392,2945414,75508,502,266430900,2945916,3,3316050,2146680,26359,2785413,18587,4932093,44946,131,8,9,51014,True
247,247.0,,,,,,,,,,,,248,28800,9,163429229,2937665,75109,502,163504338,2938167,3,3306474,1981392,24056,2784853,18580,4766245,42636,133,8,9,50345,True
248,248.0,,,,,,,,,,,,249,28800,9,193930039,2949467,75489,502,194005528,2949969,3,3321522,2082393,24379,2784475,18581,4866868,42960,128,8,9,48609,True
249,249.0,,,,,,,,,,,,250,29232,10,98854336,4610782,77528,514,98931864,4611296,4,5126032,3098100,38240,3466537,23115,6564637,61355,157,9,10,68872,True
250,250.0,,,,,,,,,,,,251,29232,10,85840877,4592842,74499,502,85915376,4593344,3,5121662,3441422,42010,3473574,23124,6914996,65134,159,9,10,75162,True
251,251.0,,,,,,,,,,,,252,29232,10,100139879,4610084,76058,504,100215937,4610588,4,5150642,2533796,31007,3463175,23107,5996971,54114,153,9,10,59579,True
252,,,,,,,,,,,,,253,26064,10,129011142,3903256,75021,502,129086163,3903758,3,4339081,2066232,27248,3468311,23104,5534543,50352,154,9,10,51839,True
253,,,,,,,,,,,,,254,26064,10,121486757,3908795,76085,504,121562842,3909299,3,4360421,2620340,32565,3465909,23101,6086249,55666,158,9,10,60153,True
254,,,,,,,,,,,,,255,26064,10,133771547,3916159,74292,502,133845839,3916661,3,4350081,2682401,32738,3465281,23108,6147682,55846,149,9,10,56355,True
255,,,,,,,,,,,,,256,30000,9,116895612,2580527,75489,504,116971101,2581031,4,2900127,1976324,24679,2787119,18586,4763443,43265,118,8,9,47023,True
256,,,,,,,,,,,,,257,30000,9,94400053,2449278,74450,502,94474503,2449780,3,2753561,2154941,26214,2792929,18586,4947870,44800,113,8,9,46130,True
257,,,,,,,,,,,,,258,30000,9,107846677,2448973,74746,502,107921423,2449475,3,2758097,1854751,23232,2789965,18578,4644716,41810,111,8,9,41064,True
258,,,,,,,,,,,,,259,25992,9,172210685,4825118,76287,507,172286972,4825625,4,5449918,3317033,38743,2792368,18597,6109401,57340,122,8,9,66142,True
259,,,,,,,,,,,,,260,25992,9,176935782,5042161,76831,512,177012613,5042673,4,5693783,2624990,30981,2790604,18626,5415594,49607,115,8,9,52779,True
260,,,,,,,,,,,,,261,25992,9,167635791,4821447,76936,508,167712727,4821955,4,5446606,2308945,27354,2793773,18584,5102718,45938,112,8,9,46474,True
261,,,,,,,,,,,,,262,29088,9,90494656,1987485,75432,502,90570088,1987987,3,2228511,2629833,31073,2789544,18585,5419377,49658,125,8,9,54662,True
262,,,,,,,,,,,,,263,29088,9,98948045,1986420,75504,503,99023549,1986923,3,2227125,2600099,31380,2787344,18590,5387443,49970,132,8,9,58518,True
263,,,,,,,,,,,,,264,29088,9,134605892,2010509,90088,595,134695980,2011104,5,2268309,2522781,30576,2783287,18591,5306068,49167,127,8,9,54991,True
264,,,,,,,,,,,,,265,28800,10,287625813,5736680,74975,502,287700788,5737182,3,6379141,1854526,23158,3467295,23084,5321821,46242,136,9,10,42892,True
265,,,,,,,,,,,,,266,28800,10,194173667,5723048,75292,502,194248959,5723550,3,6372321,2106060,25896,3468400,23088,5574460,48984,138,9,10,47839,True
266,,,,,,,,,,,,,267,28800,10,173103921,5695181,75929,502,173179850,5695683,3,6378481,2189355,28221,3466609,23094,5655964,51315,136,9,10,48754,True
267,,,,,,,,,,,,,268,28480,9,29669051,1509762,76594,505,29745645,1510267,3,1696295,1919923,23710,2784177,18585,4704100,42295,124,8,9,48033,True
268,,,,,,,,,,,,,269,28480,9,37611824,1516924,75849,502,37687673,1517426,3,1703666,1910893,22059,2796536,18602,4707429,40661,121,8,9,45808,True
269,,,,,,,,,,,,,270,28480,9,36226956,1528911,75306,508,36302262,1529419,4,1733906,1461559,18073,2792846,18588,4254405,36661,122,8,9,40463,True
270,,,,,,,,,,,,,271,29376,10,288269793,4925939,75604,502,288345397,4926441,3,5480462,2310948,28000,3467839,23090,5778787,51090,138,9,10,49112,True
271,,,,,,,,,,,,,272,29376,10,288313498,4696268,76316,502,288389814,4696770,3,5225461,2591230,32391,3471064,23096,6062294,55487,146,9,10,56006,True
272,,,,,,,,,,,,,273,29376,10,228710670,4717461,76377,502,228787047,4717963,3,5238661,2682551,31107,3472392,23105,6154943,54212,139,9,10,53409,True
