,Unnamed: 0.1,Unnamed: 0,FILE_NAME,STATES,INPUTS,LSTAR_MQ_SYM,LSTAR_MQ_RST,LSTAR_EQ_SYM,LSTAR_EQ_RST,LSTAR_TOTAL_SYM,LSTAR_TOTAL_RST,LSTAR_EQs,LSTAR_MQs,CLSTAR_MQ_SYM,CLSTAR_MQ_RST,CLSTAR_EQ_SYM,CLSTAR_EQ_RST,CLSTAR_TOTAL_SYM,CLSTAR_TOTAL_RST,CLSTAR_EQs,CLSTAR_COMPONENTS,CLSTAR_ROUNDS,CLSTAR_MQs,CACHE
0,0.0,0.0,1,150,6,1347674,19861,75129,501,1422803,20362,2,23919,1572753,19904,1134668,7547,2707421,27451,50,3,7,30278,True
1,1.0,1.0,2,150,6,1007917,17058,76125,501,1084042,17559,2,20444,1484480,20301,1060236,7050,2544716,27351,49,3,7,29791,True
2,2.0,2.0,3,150,6,1772587,27446,75331,502,1847918,27948,3,33044,1853885,22079,1202625,8055,3056510,30134,51,3,7,33845,True
3,3.0,3.0,4,144,6,652698,14125,74409,501,727107,14626,2,16729,2093965,25584,1137086,7563,3231051,33147,52,3,7,40242,True
4,4.0,4.0,5,144,6,739376,14781,74847,501,814223,15282,2,17654,1884368,23077,1135244,7557,3019612,30634,49,3,7,35618,True
5,5.0,5.0,6,144,6,853811,16195,75187,501,928998,16696,2,19364,1892342,23129,1210031,8062,3102373,31191,52,3,7,36676,True
6,6.0,6.0,7,142,6,814221,15953,76019,501,890240,16454,2,18913,1867994,22741,1058507,7055,2926501,29796,49,3,7,33757,True
7,7.0,7.0,8,142,6,934071,17486,75415,501,1009486,17987,2,20804,1805852,22040,1055889,7055,2861741,29095,50,3,7,33551,True
8,8.0,8.0,9,142,6,789598,16456,74509,501,864107,16957,2,19544,1999744,23354,1205556,8057,3205300,31411,54,3,7,37494,True
9,9.0,9.0,10,120,6,1116452,14978,75108,501,1191560,15479,2,17718,1664446,19713,1204869,8052,2869315,27765,54,3,7,29785,True
10,10.0,10.0,11,120,6,1328490,20300,74664,506,1403154,20806,3,24203,1750925,21557,1136184,7562,2887109,29119,53,3,7,33313,True
11,11.0,11.0,12,120,6,840709,13967,75913,501,916622,14468,2,16548,1365935,17700,1136921,7546,2502856,25246,52,3,7,26140,True
12,12.0,12.0,13,144,6,882220,14109,74335,501,956555,14610,2,16813,1017128,13658,833335,5543,1850463,19201,39,3,6,20263,True
13,13.0,13.0,14,144,6,1100334,15660,75048,501,1175382,16161,2,18661,1647879,18158,759245,5039,2407124,23197,42,3,6,26955,True
14,14.0,14.0,15,144,6,857542,15582,75932,501,933474,16083,2,18734,880764,12291,833079,5546,1713843,17837,39,3,6,18446,True
15,15.0,15.0,16,106,6,1737005,19904,74099,501,1811104,20405,2,23684,1706620,21679,1059794,7050,2766414,28729,51,3,7,33263,True
16,16.0,16.0,17,106,6,1623242,19215,75110,501,1698352,19716,2,22874,1603691,21190,1057218,7055,2660909,28245,52,3,7,32707,True
17,17.0,17.0,18,106,6,642264,13482,74477,501,716741,13983,2,16124,1506338,18532,1130735,7541,2637073,26073,50,3,7,28831,True
18,18.0,18.0,19,100,6,546673,12320,75197,501,621870,12821,2,14629,1685105,20798,1136414,7546,2821519,28344,51,3,7,32938,True
19,19.0,19.0,20,100,6,1065903,14706,76191,501,1142094,15207,2,17406,1762238,21606,1132719,7550,2894957,29156,51,3,7,33502,True
20,20.0,20.0,21,100,6,484507,11309,75647,501,560154,11810,2,13428,1824130,22846,1058057,7057,2882187,29903,53,3,7,35341,True
21,21.0,21.0,22,100,6,1277121,16036,75484,501,1352605,16537,2,19004,1235500,16828,1206303,8045,2441803,24873,48,3,7,25820,True
22,22.0,22.0,23,100,6,1002186,14205,74631,501,1076817,14706,2,16897,1653079,20588,1131770,7550,2784849,28138,48,3,7,30862,True
23,23.0,23.0,24,100,6,912808,13716,74634,501,987442,14217,2,16225,1663708,20176,1209355,8049,2873063,28225,48,3,7,30396,True
24,24.0,24.0,25,113,6,2139840,27643,76576,506,2216416,28149,3,33109,2326747,27199,1209571,8057,3536318,35256,54,3,7,41804,True
25,25.0,25.0,26,113,6,912444,14060,75713,501,988157,14561,2,16704,1778461,22427,1211350,8063,2989811,30490,54,3,7,34685,True
26,26.0,26.0,27,113,6,1382811,22128,74997,503,1457808,22631,3,26610,1615865,21651,1061045,7056,2676910,28707,55,3,7,34355,True
27,27.0,27.0,28,143,6,1191508,17905,75802,501,1267310,18406,2,21434,1605920,20353,1057054,7050,2662974,27403,51,3,7,31571,True
28,28.0,28.0,29,143,6,1506463,18471,74919,501,1581382,18972,2,21999,1870629,22960,1059317,7057,2929946,30017,54,3,7,36242,True
29,29.0,29.0,30,143,6,1159216,17302,75049,501,1234265,17803,2,20624,1380798,18358,1132018,7549,2512816,25907,50,3,7,28200,True
30,30.0,30.0,31,576,10,9519405,143957,74785,506,9594190,144463,3,160460,7120369,87075,2790480,18610,9910849,105685,120,4,12,119161,True
31,31.0,31.0,32,576,10,8352522,117114,75660,501,8428182,117615,2,131019,7548942,87818,3016522,20105,10565464,107923,133,4,13,122020,True
32,32.0,32.0,33,576,10,11168070,163412,75426,502,11243496,163914,3,182181,7326654,90269,2870143,19117,10196797,109386,125,4,13,124283,True
33,33.0,33.0,34,500,10,6193256,102008,74503,501,6267759,102509,2,113219,6131543,70973,2715988,18089,8847531,89062,117,4,12,97670,True
34,34.0,34.0,35,500,10,5382057,87023,75762,501,5457819,87524,2,96857,5705303,70648,2409530,16084,8114833,86732,116,4,12,95993,True
35,35.0,35.0,36,500,10,5700027,104492,74470,501,5774497,104993,2,115940,6290338,76769,2639185,17597,8929523,94366,120,4,12,104599,True
36,36.0,36.0,37,432,10,2754503,81038,75599,501,2830102,81539,2,89888,6983217,82962,3236859,21623,10220076,104585,132,4,13,118414,True
37,37.0,37.0,38,432,10,5440756,93609,75326,501,5516082,94110,2,103760,6433030,75596,2193964,14600,8626994,90196,107,4,11,102627,True
38,38.0,38.0,39,432,10,3808440,84281,75598,501,3884038,84782,2,94019,6865828,83332,3020564,20127,9886392,103459,131,4,13,116631,True
39,39.0,39.0,40,240,10,2441577,52340,75946,501,2517523,52841,2,57797,6168928,76412,3168008,21105,9336936,97517,139,4,13,106673,True
40,40.0,40.0,41,240,10,1413031,45236,76154,501,1489185,45737,2,49996,6409273,78466,2945506,19596,9354779,98062,142,4,13,109630,True
41,41.0,41.0,42,240,10,6831082,88200,75920,502,6907002,88702,3,97397,5117069,66192,3242839,21608,8359908,87800,139,4,13,93443,True
42,42.0,42.0,43,648,10,4552940,139474,74509,501,4627449,139975,2,156192,6469978,82346,3159270,21110,9629248,103456,131,4,13,116385,True
43,43.0,43.0,44,648,10,3820083,125249,76235,501,3896318,125750,2,140720,6797130,85358,3238961,21604,10036091,106962,133,4,13,122244,True
44,44.0,44.0,45,648,10,7652981,127157,75341,501,7728322,127658,2,142190,6972897,84983,3249538,21608,10222435,106591,139,4,13,123712,True
45,45.0,45.0,46,480,10,6297434,117192,75488,502,6372922,117694,3,130419,6527737,82118,3160900,21114,9688637,103232,139,4,13,115362,True
46,46.0,46.0,47,480,10,7004926,104538,75100,501,7080026,105039,2,116360,6398505,79278,3163525,21106,9562030,100384,137,4,13,111004,True
47,47.0,47.0,48,480,10,6105233,98464,74277,501,6179510,98965,2,109019,6323633,79304,3091097,20613,9414730,99917,133,4,13,110780,True
48,48.0,48.0,49,180,10,1259896,35590,74270,501,1334166,36091,2,39286,5555378,65899,2564895,17087,8120273,82986,105,4,11,90091,True
49,49.0,49.0,50,180,10,2285999,40267,74957,501,2360956,40768,2,44556,5939341,70321,3095607,20595,9034948,90916,124,4,13,96409,True
50,50.0,50.0,51,180,10,1662078,38362,76958,501,1739036,38863,2,42346,4445210,57490,3020195,20099,7465405,77589,123,4,13,79660,True
51,51.0,51.0,52,240,10,2924569,46763,75197,501,2999766,47264,2,51857,5036095,62010,3015889,20084,8051984,82094,123,4,13,89973,True
52,52.0,52.0,53,240,10,2994992,44805,75893,501,3070885,45306,2,49697,3937283,51530,2716125,18094,6653408,69624,110,4,12,73880,True
53,53.0,53.0,54,240,10,2855799,46070,76170,501,2931969,46571,2,51128,4689009,54289,2942931,19584,7631940,73873,119,4,13,79324,True
54,54.0,54.0,55,384,10,3493605,71734,74959,501,3568564,72235,2,79818,6954767,83224,3095450,20624,10050217,103848,135,4,13,117403,True
55,55.0,55.0,56,384,10,4131545,78339,75450,501,4206995,78840,2,87219,6391587,78711,2942427,19609,9334014,98320,129,4,12,110659,True
56,56.0,56.0,57,384,10,4484294,79590,75659,501,4559953,80091,2,88178,5601241,66737,2046875,13591,7648116,80328,97,4,10,90059,True
57,57.0,57.0,58,450,10,6457826,110527,75298,502,6533124,111029,3,123138,6259780,79012,2867622,19111,9127402,98123,130,4,13,108879,True
58,58.0,58.0,59,450,10,4626719,88883,74961,501,4701680,89384,2,99019,5888804,72567,2562994,17093,8451798,89660,121,4,12,100517,True
59,59.0,59.0,60,450,10,5420648,85895,74065,501,5494713,86396,2,95398,5115799,66428,2559836,17096,7675635,83524,116,4,11,94057,True
60,60.0,,61,1944,15,49951440,769155,75208,502,50026648,769657,3,825265,17373354,214509,5357477,35659,22730831,250168,247,5,19,279527,True
61,61.0,,62,1944,15,52907175,719781,74082,501,52981257,720282,2,771055,18992033,234748,6175069,41171,25167102,275919,267,5,21,307239,True
62,62.0,,63,1944,15,37333544,799736,76115,502,37409659,800238,3,857006,18913063,234289,5343950,35685,24257013,269974,268,5,20,307275,True
63,63.0,,64,1728,15,37698594,690988,74323,501,37772917,691489,2,742587,19743271,242125,6094265,40683,25837536,282808,254,5,21,311749,True
64,64.0,,65,1728,15,35092616,694100,75973,501,35168589,694601,2,745947,17639330,219574,6025867,40174,23665197,259748,264,5,20,290564,True
65,65.0,,66,1728,15,43870546,680145,74999,502,43945545,680647,3,730885,19798838,237986,6405018,42687,26203856,280673,273,5,21,312512,True
66,66.0,,67,540,15,10946942,208626,75985,501,11022927,209127,2,222863,17827768,216977,6031933,40179,23859701,257156,290,5,21,280757,True
67,67.0,,68,540,15,7197421,192105,75730,501,7273151,192606,2,205297,16293937,193840,6033926,40215,22327863,234055,270,5,20,254527,True
68,68.0,,69,540,15,5898969,196729,74995,501,5973964,197230,2,210127,14926618,190634,6543380,43669,21469998,234303,280,5,21,249910,True
69,69.0,,70,1800,15,35206817,689775,74826,501,35281643,690276,2,743201,16526272,204984,5352678,35654,21878950,240638,233,5,19,262923,True
70,70.0,,71,1800,15,38508057,668331,75367,501,38583424,668832,2,719185,18855001,226126,6263200,41683,25118201,267809,276,5,21,300310,True
71,71.0,,72,1800,15,34136277,647489,74660,501,34210937,647990,2,694524,16960924,215634,6101829,40674,23062753,256308,278,5,20,283455,True
72,72.0,,73,2400,15,63446892,913185,75197,501,63522089,913686,2,981746,19110357,232681,5584153,37176,24694510,269857,231,5,18,307872,True
73,73.0,,74,2400,15,56101338,1030224,75767,502,56177105,1030726,3,1107538,18897059,235087,6551265,43692,25448324,278779,275,5,21,310678,True
74,74.0,,75,2400,15,53734204,883284,74629,501,53808833,883785,2,946165,17387836,220590,6321390,42205,23709226,262795,260,5,20,295271,True
75,75.0,,76,2700,15,39628510,1069347,74290,502,39702800,1069849,3,1148201,17635754,218854,6482524,43182,24118278,262036,278,5,20,291270,True
76,76.0,,77,2700,15,33458135,1082071,75980,502,33534115,1082573,3,1156301,20016291,243609,5737861,38162,25754152,281771,264,5,20,316981,True
77,77.0,,78,2700,15,52254204,1105018,74544,503,52328748,1105521,3,1181907,19836540,241424,6621188,44187,26457728,285611,286,5,21,320514,True
78,78.0,,79,2160,15,44338751,885281,75449,503,44414200,885784,3,951776,18888517,233682,6386334,42686,25274851,276368,277,5,20,310054,True
79,79.0,,80,2160,15,43590837,848840,75732,502,43666569,849342,3,911845,18626518,230208,6029944,40186,24656462,270394,284,5,21,303466,True
80,80.0,,81,2160,15,41728623,911726,74897,502,41803520,912228,3,978207,18060245,237192,5732548,38171,23792793,275363,261,5,21,309164,True
81,81.0,,82,2160,15,58295593,981174,76558,502,58372151,981676,3,1056179,20682087,248846,6410638,42675,27092725,291521,278,5,21,329930,True
82,82.0,,83,2160,15,54419919,863877,75509,501,54495428,864378,2,930327,18538786,229109,6479103,43177,25017889,272286,267,5,21,300564,True
83,83.0,,84,2160,15,46749685,967614,76035,502,46825720,968116,3,1042723,19026732,243617,6326848,42173,25353580,285790,276,5,21,321982,True
84,84.0,,85,1600,15,25587639,662327,75094,502,25662733,662829,3,709586,17990606,218818,6334906,42176,24325512,260994,258,5,20,285915,True
85,85.0,,86,1600,15,27904030,575198,74287,501,27978317,575699,2,616899,16609053,206654,6770827,45183,23379880,251837,280,5,21,269963,True
86,86.0,,87,1600,15,34341176,676212,76160,502,34417336,676714,3,725381,18646646,228077,6402812,42671,25049458,270748,271,5,21,299865,True
87,87.0,,88,2500,15,47025590,957640,76997,501,47102587,958141,2,1025891,16219545,197150,5652938,37675,21872483,234825,252,5,18,264664,True
88,88.0,,89,2500,15,36261794,955608,75682,501,36337476,956109,2,1023461,19215366,230562,6479527,43185,25694893,273747,276,5,20,309169,True
89,89.0,,90,2500,15,42873050,1000416,74767,502,42947817,1000918,3,1073276,15567253,199230,5055957,33678,20623210,232908,250,5,19,268389,True
90,,,91,1620,21,32371121,1000372,74682,501,32445803,1000873,2,1048979,34976165,427876,11893533,79264,46869698,507140,488,6,30,534012,True
91,,,92,1620,21,31054046,1001751,75402,501,31129448,1002252,2,1050869,38834842,475868,11523981,76807,50358823,552675,505,6,30,604485,True
92,,,93,1620,21,29990323,999288,75286,501,30065609,999789,2,1048349,42380765,514463,12064888,80365,54445653,594828,510,6,31,654406,True
93,,,94,2160,21,36840876,1358544,74407,501,36915283,1359045,2,1425720,41046460,503746,10694345,71280,51740805,575026,531,6,30,639825,True
94,,,95,2160,21,41146915,1440156,76625,502,41223540,1440658,3,1511652,42443806,525917,11068395,73785,53512201,599702,496,6,29,673003,True
95,,,96,2160,21,54111569,1358447,75180,501,54186749,1358948,2,1427022,42925894,525440,11001951,73287,53927845,598727,494,6,29,663628,True
96,,,97,18000,21,714169113,14110349,75548,502,714244661,14110851,3,14864888,42805745,534688,11438370,76275,54244115,610963,505,6,30,686626,True
97,,,98,18000,21,707413002,13722834,74662,502,707487664,13723336,3,14463787,49513347,604664,11905592,79308,61418939,683972,531,6,31,771656,True
98,,,99,18000,21,499894762,14451946,75817,502,499970579,14452448,3,15202359,44621572,555869,11137266,74293,55758838,630162,530,6,29,718649,True
99,,,100,7200,21,103826761,5145089,75831,502,103902592,5145591,3,5402284,45406996,546542,11440034,76266,56847030,622808,485,6,30,686939,True
100,,,101,7200,21,150602002,5169918,77022,502,150679024,5170420,3,5436829,42591535,529429,11747071,78278,54338606,607707,466,6,30,666800,True
101,,,102,7200,21,139811307,5148527,76207,503,139887514,5149030,3,5423599,45903976,560342,11745207,78281,57649183,638623,481,6,30,711143,True
102,,,103,4860,21,184873012,3209157,75176,502,184948188,3209659,3,3374143,45235964,548693,10774086,71765,56010050,620458,514,6,31,687126,True
103,,,104,4860,21,130839500,3220453,75272,501,130914772,3220954,2,3388802,41002295,515396,11599195,77286,52601490,592682,501,6,30,652544,True
104,,,105,4860,21,127130185,3220649,75070,501,127205255,3221150,2,3385337,41247945,514981,12207020,81291,53454965,596272,523,6,31,655149,True
105,,,106,11250,21,344160406,7925704,75080,502,344235486,7926206,3,8341549,43726192,536262,11821197,78767,55547389,615029,505,6,31,675329,True
106,,,107,11250,21,349554216,7928283,75667,505,349629883,7928788,3,8353309,45043612,546492,11291992,75266,56335604,621758,471,6,29,691355,True
107,,,108,11250,21,309034346,7990493,75092,503,309109438,7990996,3,8417254,42711289,519192,11071058,73751,53782347,592943,460,6,28,659517,True
108,,,109,4800,21,119360132,3234549,74453,502,119434585,3235051,3,3402662,41160381,515344,11149351,74291,52309732,589635,512,6,30,656177,True
109,,,110,4800,21,108425600,3183166,74184,501,108499784,3183667,2,3345143,43522129,545669,11150775,74302,54672904,619971,555,6,31,689986,True
110,,,111,4800,21,91247139,3351277,75173,502,91322312,3351779,3,3526479,43172054,531035,11442395,76284,54614449,607319,484,6,30,678165,True
111,,,112,3240,21,93471299,2183060,74761,502,93546060,2183562,3,2294239,38091739,464436,10396008,69295,48487747,533731,442,6,27,589158,True
112,,,113,3240,21,70286578,2028383,74813,501,70361391,2028884,2,2127498,41978659,517770,11749776,78291,53728435,596061,556,6,31,665006,True
113,,,114,3240,21,100985121,2092178,76267,501,101061388,2092679,2,2197471,41464540,507453,11301659,75307,52766199,582760,503,6,30,645015,True
114,,,115,1458,21,39151784,883729,75308,501,39227092,884230,2,926317,38278015,466380,11748003,78303,50026018,544683,495,6,30,590750,True
115,,,116,1458,21,41246302,994083,76378,503,41322680,994586,3,1042049,35637378,436675,11818090,78775,47455468,515450,491,6,31,551927,True
116,,,117,1458,21,31771585,901647,75960,501,31847545,902148,2,945659,38771027,484618,10764563,71776,49535590,556394,507,6,31,604765,True
117,,,118,2025,21,83460560,1332029,75289,501,83535849,1332530,2,1396447,36419235,462369,10015914,66775,46435149,529144,473,6,27,586678,True
118,,,119,2025,21,70205421,1317726,75397,501,70280818,1318227,2,1383679,41842134,499365,10700174,71353,52542308,570718,489,6,28,631912,True
119,,,120,2025,21,47845072,1359850,74902,502,47919974,1360352,3,1426015,41531720,506322,11227484,74791,52759204,581113,534,6,30,643503,True
