,Unnamed: 0.7,Unnamed: 0.6,Unnamed: 0.5,Unnamed: 0.4,Unnamed: 0.3,Unnamed: 0.2,Unnamed: 0.1,Unnamed: 0,FILE_NAME,STATES,INPUTS,LSTAR_MQ_SYM,LSTAR_MQ_RST,LSTAR_EQ_SYM,LSTAR_EQ_RST,LSTAR_TOTAL_SYM,LSTAR_TOTAL_RST,LSTAR_EQs,LSTAR_MQs,CLSTAR_MQ_SYM,CLSTAR_MQ_RST,CLSTAR_EQ_SYM,CLSTAR_EQ_RST,CLSTAR_TOTAL_SYM,CLSTAR_TOTAL_RST,CLSTAR_EQs,CLSTAR_COMPONENTS,CLSTAR_ROUNDS,CLSTAR_MQs,CACHE
0,0.0,0.0,0.0,0.0,0.0,0.0,0.0,0.0,1,115,4,563636,6694,75172,501,638808,7195,2,8678,380539,4072,529727,3527,910266,7599,23,3,4,8258,True
1,1.0,1.0,1.0,1.0,1.0,1.0,1.0,1.0,2,115,4,388149,5605,75735,501,463884,6106,2,7270,457610,5559,529998,3531,987608,9090,24,3,4,10178,True
2,2.0,2.0,2.0,2.0,2.0,2.0,2.0,2.0,3,115,4,494410,6289,75286,501,569696,6790,2,8150,220804,3078,527012,3520,747816,6598,22,3,4,5989,True
3,3.0,3.0,3.0,3.0,3.0,3.0,3.0,3.0,4,100,4,910499,11318,76734,510,987233,11828,3,15049,398785,5175,530764,3542,929549,8717,23,3,4,8688,True
4,4.0,4.0,4.0,4.0,4.0,4.0,4.0,4.0,5,100,4,913427,11335,76866,512,990293,11847,3,15089,434403,5148,531810,3536,966213,8684,23,3,4,8556,True
5,5.0,5.0,5.0,5.0,5.0,5.0,5.0,5.0,6,100,4,825301,11086,76876,513,902177,11599,3,14809,388234,5141,531302,3536,919536,8677,23,3,4,8595,True
6,6.0,6.0,6.0,6.0,6.0,6.0,6.0,6.0,7,100,4,720181,10124,75386,504,795567,10628,3,13342,246233,3252,530170,3528,776403,6780,23,3,4,7242,True
7,7.0,7.0,7.0,7.0,7.0,7.0,7.0,7.0,8,100,4,812521,10055,76516,507,889037,10562,3,13249,264528,3297,529266,3522,793794,6819,23,3,4,7292,True
8,8.0,8.0,8.0,8.0,8.0,8.0,8.0,8.0,9,100,4,566837,6592,75105,501,641942,7093,2,8529,235995,3098,530847,3532,766842,6630,22,3,4,6443,True
9,9.0,9.0,9.0,9.0,9.0,9.0,9.0,9.0,10,100,4,469628,5692,74537,501,544165,6193,2,7316,614675,7300,529828,3532,1144503,10832,28,3,4,13137,True
10,10.0,10.0,10.0,10.0,10.0,10.0,10.0,10.0,11,100,4,675792,9220,75152,505,750944,9725,3,11852,518238,6220,529970,3528,1048208,9748,27,3,4,11413,True
11,11.0,11.0,11.0,11.0,11.0,11.0,11.0,11.0,12,100,4,659680,8856,76070,504,735750,9360,3,11384,418768,5546,530738,3534,949506,9080,26,3,4,9739,True
12,12.0,12.0,12.0,12.0,12.0,12.0,12.0,12.0,13,112,4,207021,3480,74658,501,281679,3981,2,4472,242442,3011,307872,2029,550314,5040,17,3,3,5258,True
13,13.0,13.0,13.0,13.0,13.0,13.0,13.0,13.0,14,112,4,578122,5692,74812,501,652934,6193,2,7316,229257,2805,305747,2026,535004,4831,18,3,3,5521,True
14,14.0,14.0,14.0,14.0,14.0,14.0,14.0,14.0,15,112,4,454447,4992,74181,501,528628,5493,2,6416,202380,2728,306599,2033,508979,4761,17,3,3,4716,True
15,15.0,15.0,15.0,15.0,15.0,15.0,15.0,15.0,16,100,4,584413,7976,74916,501,659329,8477,2,10464,581465,6495,526830,3528,1108295,10023,23,3,4,11147,True
16,16.0,16.0,16.0,16.0,16.0,16.0,16.0,16.0,17,100,4,791086,8510,75893,501,866979,9011,2,11088,624541,6905,532551,3534,1157092,10439,23,3,4,11989,True
17,17.0,17.0,17.0,17.0,17.0,17.0,17.0,17.0,18,100,4,727705,8532,75793,501,803498,9033,2,11140,484365,6065,528630,3531,1012995,9596,23,3,4,10410,True
18,18.0,18.0,18.0,18.0,18.0,18.0,18.0,18.0,19,100,4,238920,4380,75313,501,314233,4881,2,5649,353210,4813,529163,3528,882373,8341,27,3,4,9170,True
19,19.0,19.0,19.0,19.0,19.0,19.0,19.0,19.0,20,100,4,580186,6955,75864,501,656050,7456,2,9035,532186,5959,528766,3524,1060952,9483,27,3,4,11233,True
20,20.0,20.0,20.0,20.0,20.0,20.0,20.0,20.0,21,100,4,225443,4349,74933,501,300376,4850,2,5609,375734,5066,530731,3532,906465,8598,28,3,4,10319,True
21,21.0,21.0,21.0,21.0,21.0,21.0,21.0,21.0,22,105,4,791984,9302,75775,502,867759,9804,3,12249,271222,3172,300317,2023,571539,5195,17,3,3,5764,True
22,22.0,22.0,22.0,22.0,22.0,22.0,22.0,22.0,23,105,4,213341,3574,75160,501,288501,4075,2,4609,297611,3414,304017,2018,601628,5432,18,3,3,6844,True
23,23.0,23.0,23.0,23.0,23.0,23.0,23.0,23.0,24,105,4,586482,5961,74614,501,661096,6462,2,7689,252171,3132,306189,2024,558360,5156,17,3,3,5752,True
24,24.0,24.0,24.0,24.0,24.0,24.0,24.0,24.0,25,100,4,171020,3225,75543,501,246563,3726,2,4148,168167,2487,305832,2031,473999,4518,17,3,3,4572,True
25,25.0,25.0,25.0,25.0,25.0,25.0,25.0,25.0,26,100,4,439775,4992,74114,501,513889,5493,2,6416,258293,3019,305652,2026,563945,5045,18,3,3,5967,True
26,26.0,26.0,26.0,26.0,26.0,26.0,26.0,26.0,27,100,4,360340,4543,75719,501,436059,5044,2,5840,274550,3142,307114,2026,581664,5168,18,3,3,6408,True
27,27.0,27.0,27.0,27.0,27.0,27.0,27.0,27.0,28,125,4,656266,9749,75470,501,731736,10250,2,12875,536697,6599,528310,3532,1065007,10131,24,3,4,11295,True
28,28.0,28.0,28.0,28.0,28.0,28.0,28.0,28.0,29,125,4,714540,13313,77208,515,791748,13828,3,17796,643311,7330,530794,3542,1174105,10872,24,3,4,12585,True
29,29.0,29.0,29.0,29.0,29.0,29.0,29.0,29.0,30,125,4,1419254,20683,77025,511,1496279,21194,4,27728,643670,8355,527772,3533,1171442,11888,26,3,4,14244,True
30,30.0,30.0,30.0,30.0,30.0,30.0,30.0,30.0,31,120,5,287077,5077,74985,501,362062,5578,2,6173,225475,3241,534003,3537,759478,6778,26,4,4,5651,True
31,31.0,31.0,31.0,31.0,31.0,31.0,31.0,31.0,32,120,5,642593,7408,75104,501,717697,7909,2,9008,271563,3887,530134,3532,801697,7419,27,4,4,6749,True
32,32.0,32.0,32.0,32.0,32.0,32.0,32.0,32.0,33,120,5,531057,6816,74956,501,606013,7317,2,8288,335231,3939,534499,3533,869730,7472,26,4,4,6872,True
33,33.0,33.0,33.0,33.0,33.0,33.0,33.0,33.0,34,120,5,497953,6113,75592,501,573545,6614,2,7433,159385,2256,305084,2034,464469,4290,20,4,3,3938,True
34,34.0,34.0,34.0,34.0,34.0,34.0,34.0,34.0,35,120,5,516439,6261,75249,501,591688,6762,2,7613,148305,2265,303627,2026,451932,4291,21,4,3,4506,True
35,35.0,35.0,35.0,35.0,35.0,35.0,35.0,35.0,36,120,5,541254,6731,75689,501,616943,7232,2,8209,211271,2635,304539,2032,515810,4667,20,4,3,4490,True
36,36.0,36.0,36.0,36.0,36.0,36.0,36.0,36.0,37,120,5,339204,8032,75675,501,414879,8533,2,9910,493059,5592,831967,5537,1325026,11129,32,4,5,9416,True
37,37.0,37.0,37.0,37.0,37.0,37.0,37.0,37.0,38,120,5,487053,8851,74452,501,561505,9352,2,10900,566508,7046,830922,5536,1397430,12582,34,4,5,11933,True
38,38.0,38.0,38.0,38.0,38.0,38.0,38.0,38.0,39,120,5,986710,11499,75000,501,1061710,12000,2,14145,450569,5450,829587,5539,1280156,10989,32,4,5,9212,True
39,39.0,39.0,39.0,39.0,39.0,39.0,39.0,39.0,40,144,5,802528,13119,74735,501,877263,13620,2,16091,716562,8731,832577,5539,1549139,14270,43,4,5,17184,True
40,40.0,40.0,40.0,40.0,40.0,40.0,40.0,40.0,41,144,5,366067,10268,75160,501,441227,10769,2,12611,703763,8741,831856,5543,1535619,14284,41,4,5,16373,True
41,41.0,41.0,41.0,41.0,41.0,41.0,41.0,41.0,42,144,5,1815510,23410,76545,502,1892055,23912,3,28691,960195,10273,829316,5538,1789511,15811,41,4,5,19229,True
42,42.0,42.0,42.0,42.0,42.0,42.0,42.0,42.0,43,137,5,1478157,18751,76083,506,1554240,19257,3,23351,520808,6015,830576,5541,1351384,11556,32,4,5,10186,True
43,43.0,43.0,43.0,43.0,43.0,43.0,43.0,43.0,44,137,5,1024712,17441,76145,504,1100857,17945,3,21787,372517,4968,831981,5534,1204498,10502,32,4,5,8446,True
44,44.0,44.0,44.0,44.0,44.0,44.0,44.0,44.0,45,137,5,1809661,21308,75833,508,1885494,21816,3,26651,372514,4998,831633,5535,1204147,10533,32,4,5,8521,True
45,45.0,45.0,45.0,45.0,45.0,45.0,45.0,45.0,46,536,5,2505060,42947,74324,502,2579384,43449,3,54255,889725,10838,833717,5537,1723442,16375,44,4,5,21829,True
46,46.0,46.0,46.0,46.0,46.0,46.0,46.0,46.0,47,536,5,2705796,44775,75122,503,2780918,45278,3,56286,1011269,11555,831512,5534,1842781,17089,45,4,5,22980,True
47,47.0,47.0,47.0,47.0,47.0,47.0,47.0,47.0,48,536,5,2756060,38458,74330,501,2830390,38959,2,48815,765879,9873,831094,5542,1596973,15415,42,4,5,18665,True
48,48.0,48.0,48.0,48.0,48.0,48.0,48.0,48.0,49,148,5,326578,7173,75758,501,402336,7674,2,8810,541654,6200,831366,5534,1373020,11734,33,4,5,10229,True
49,49.0,49.0,49.0,49.0,49.0,49.0,49.0,49.0,50,148,5,291517,6588,73824,501,365341,7089,2,8095,582864,7081,831516,5537,1414380,12618,34,4,5,11918,True
50,50.0,50.0,50.0,50.0,50.0,50.0,50.0,50.0,51,148,5,296429,6765,75811,501,372240,7266,2,8315,556373,6294,833176,5538,1389549,11832,33,4,5,10389,True
51,51.0,51.0,51.0,51.0,51.0,51.0,51.0,51.0,52,200,5,608443,9583,75904,501,684347,10084,2,11771,419330,5457,527759,3537,947089,8994,30,4,4,10182,True
52,52.0,52.0,52.0,52.0,52.0,52.0,52.0,52.0,53,200,5,517251,8473,76285,501,593536,8974,2,10391,514293,6106,530111,3533,1044404,9639,32,4,4,12067,True
53,53.0,53.0,53.0,53.0,53.0,53.0,53.0,53.0,54,200,5,717759,10286,75376,501,793135,10787,2,12611,520222,6189,532432,3535,1052654,9724,32,4,4,12167,True
54,54.0,54.0,54.0,54.0,54.0,54.0,54.0,54.0,55,169,5,706130,14618,75158,502,781288,15120,3,18071,739326,8768,832636,5541,1571962,14309,36,4,5,14455,True
55,55.0,55.0,55.0,55.0,55.0,55.0,55.0,55.0,56,169,5,630278,10830,74371,501,704649,11331,2,13331,696239,8313,831806,5540,1528045,13853,36,4,5,13710,True
56,56.0,56.0,56.0,56.0,56.0,56.0,56.0,56.0,57,169,5,1028183,12377,75575,501,1103758,12878,2,15191,676343,8157,832384,5540,1508727,13697,36,4,5,13531,True
57,57.0,57.0,57.0,57.0,57.0,57.0,57.0,57.0,58,104,5,320367,6692,75680,501,396047,7193,2,8159,525164,6824,831567,5536,1356731,12360,34,4,5,11546,True
58,58.0,58.0,58.0,58.0,58.0,58.0,58.0,58.0,59,104,5,469877,8065,74006,501,543883,8566,2,9855,567957,6585,830707,5539,1398664,12124,33,4,5,11068,True
59,59.0,59.0,59.0,59.0,59.0,59.0,59.0,59.0,60,104,5,977227,10540,75882,501,1053109,11041,2,12880,689276,7993,834372,5545,1523648,13538,35,4,5,13235,True
60,60.0,60.0,60.0,60.0,60.0,60.0,60.0,,61,576,6,2549845,46491,74666,501,2624511,46992,2,55453,1264195,14128,1207785,8041,2471980,22169,61,5,6,27295,True
61,61.0,61.0,61.0,61.0,61.0,61.0,61.0,,62,576,6,3387701,47267,74366,501,3462067,47768,2,56545,1129433,13228,1210013,8042,2339446,21270,55,5,6,22702,True
62,62.0,62.0,62.0,62.0,62.0,62.0,62.0,,63,576,6,1928930,44650,75171,501,2004101,45151,2,53521,990913,12213,1210068,8055,2200981,20268,57,5,6,21575,True
63,63.0,63.0,63.0,63.0,63.0,63.0,63.0,,64,340,6,709454,10863,76238,501,785692,11364,2,12882,381486,4976,530499,3537,911985,8513,32,5,4,8633,True
64,64.0,64.0,64.0,64.0,64.0,64.0,64.0,,65,340,6,1161554,12572,75671,501,1237225,13073,2,14843,340006,4655,531881,3542,871887,8197,32,5,4,8225,True
65,65.0,65.0,65.0,65.0,65.0,65.0,65.0,,66,340,6,391541,7929,75828,501,467369,8430,2,9371,404420,5173,528949,3533,933369,8706,32,5,4,8864,True
66,66.0,66.0,66.0,66.0,66.0,66.0,66.0,,67,1240,6,4098441,83283,74477,502,4172918,83785,3,98703,966669,12652,1205592,8043,2172261,20695,64,5,6,27471,True
67,67.0,67.0,67.0,67.0,67.0,67.0,67.0,,68,1240,6,5308542,84478,74454,502,5382996,84980,3,101200,1058835,12996,1206808,8057,2265643,21053,64,5,6,27643,True
68,68.0,68.0,68.0,68.0,68.0,68.0,68.0,,69,1240,6,5051834,89162,75679,503,5127513,89665,4,105584,1063656,13015,1210941,8055,2274597,21070,62,5,6,26087,True
69,69.0,69.0,69.0,69.0,69.0,69.0,69.0,,70,216,6,751229,8777,75865,501,827094,9278,2,10329,431729,4964,532414,3533,964143,8497,32,5,4,9019,True
70,70.0,70.0,70.0,70.0,70.0,70.0,70.0,,71,216,6,727015,8727,74813,501,801828,9228,2,10269,329439,3781,533474,3545,862913,7326,30,5,4,6408,True
71,71.0,71.0,71.0,71.0,71.0,71.0,71.0,,72,216,6,912172,9795,75332,501,987504,10296,2,11529,269967,3927,529936,3535,799903,7462,32,5,4,7189,True
72,72.0,72.0,72.0,72.0,72.0,72.0,72.0,,73,1000,6,2128518,69761,80447,531,2208965,70292,4,84975,1161229,13280,1209402,8057,2370631,21337,61,5,6,27224,True
73,73.0,73.0,73.0,73.0,73.0,73.0,73.0,,74,1000,6,2646493,72527,76384,506,2722877,73033,4,88335,1046305,13020,1208685,8044,2254990,21064,59,5,6,24825,True
74,74.0,74.0,74.0,74.0,74.0,74.0,74.0,,75,1000,6,2418321,65777,76799,509,2495120,66286,3,79599,1309994,15340,1210575,8054,2520569,23394,60,5,6,28579,True
75,75.0,75.0,75.0,75.0,75.0,75.0,75.0,,76,276,6,932514,11194,75146,501,1007660,11695,2,13210,481134,5783,832052,5537,1313186,11320,40,5,5,11026,True
76,76.0,76.0,76.0,76.0,76.0,76.0,76.0,,77,276,6,422006,8280,75596,501,497602,8781,2,9778,218799,2889,833718,5541,1052517,8430,37,5,5,5958,True
77,77.0,77.0,77.0,77.0,77.0,77.0,77.0,,78,276,6,680028,9847,74635,501,754663,10348,2,11626,410289,4940,829932,5539,1240221,10479,37,5,5,8586,True
78,78.0,78.0,78.0,78.0,78.0,78.0,78.0,,79,912,6,2031709,32460,75157,501,2106866,32961,2,38401,1002010,12315,1210040,8054,2212050,20369,61,5,6,23370,True
79,79.0,79.0,79.0,79.0,79.0,79.0,79.0,,80,912,6,1681940,36862,75334,503,1757274,37365,3,43609,1042807,12796,1209734,8045,2252541,20841,59,5,6,23404,True
80,80.0,80.0,80.0,80.0,80.0,80.0,80.0,,81,912,6,2297766,44826,75047,503,2372813,45329,4,52974,983395,12252,1207821,8049,2191216,20301,60,5,6,22946,True
81,81.0,81.0,81.0,81.0,81.0,81.0,81.0,,82,108,6,1091296,11490,75688,501,1166984,11991,2,13540,370965,4734,533663,3537,904628,8271,34,5,4,8839,True
82,82.0,82.0,82.0,82.0,82.0,82.0,82.0,,83,108,6,588325,8631,75370,501,663695,9132,2,10174,388697,4887,533002,3544,921699,8431,34,5,4,8918,True
83,83.0,83.0,83.0,83.0,83.0,83.0,83.0,,84,108,6,982534,10930,74891,501,1057425,11431,2,12880,419149,5177,532059,3544,951208,8721,32,5,4,8868,True
84,84.0,84.0,84.0,84.0,84.0,84.0,84.0,,85,900,6,966784,24106,75229,501,1042013,24607,2,28451,694353,8507,834505,5547,1528858,14054,46,5,5,16136,True
85,85.0,85.0,85.0,85.0,85.0,85.0,85.0,,86,900,6,806171,21178,76631,501,882802,21679,2,24995,444481,5862,832785,5537,1277266,11399,46,5,5,12690,True
86,86.0,86.0,86.0,86.0,86.0,86.0,86.0,,87,900,6,1146367,23679,74612,501,1220979,24180,2,27947,576874,7008,834996,5544,1411870,12552,46,5,5,14861,True
87,87.0,87.0,87.0,87.0,87.0,87.0,87.0,,88,168,6,727210,8242,73613,501,800823,8743,2,9674,262949,3251,527905,3537,790854,6788,30,5,4,5526,True
88,88.0,88.0,88.0,88.0,88.0,88.0,88.0,,89,168,6,573296,7368,75452,501,648748,7869,2,8648,335291,3713,531124,3541,866415,7254,32,5,4,7055,True
89,89.0,89.0,89.0,89.0,89.0,89.0,89.0,,90,168,6,604026,7552,75438,501,679464,8053,2,8864,234089,2719,533071,3533,767160,6252,30,5,4,5162,True
90,90.0,90.0,90.0,90.0,90.0,90.0,,,91,608,7,3519572,43777,79352,526,3598924,44303,4,50679,601971,6893,535074,3568,1137045,10461,36,6,4,11801,True
91,91.0,91.0,91.0,91.0,91.0,91.0,,,92,608,7,2186814,34153,92631,612,2279445,34765,4,39507,459659,6453,537168,3566,996827,10019,37,6,4,11658,True
92,92.0,92.0,92.0,92.0,92.0,92.0,,,93,608,7,2155371,28385,74899,502,2230270,28887,3,32745,577079,7135,534173,3555,1111252,10690,37,6,4,12665,True
93,93.0,93.0,93.0,93.0,93.0,93.0,,,94,1600,7,2536375,35492,75560,501,2611935,35993,2,40977,693550,9310,1207333,8060,1900883,17370,55,6,6,16155,True
94,94.0,94.0,94.0,94.0,94.0,94.0,,,95,1600,7,1660257,32760,74552,501,1734809,33261,2,37841,540668,7141,1207414,8058,1748082,15199,56,6,6,14795,True
95,95.0,95.0,95.0,95.0,95.0,95.0,,,96,1600,7,1032243,29967,76012,501,1108255,30468,2,34774,548137,6771,1208665,8059,1756802,14830,54,6,6,13570,True
96,96.0,96.0,96.0,96.0,96.0,96.0,,,97,2142,7,4848367,130660,75247,504,4923614,131164,3,152217,945480,11989,1212100,8059,2157580,20048,56,6,6,20604,True
97,97.0,97.0,97.0,97.0,97.0,97.0,,,98,2142,7,3443355,122960,73612,502,3516967,123462,3,143292,1211674,14195,1208801,8052,2420475,22247,57,6,6,24295,True
98,98.0,98.0,98.0,98.0,98.0,98.0,,,99,2142,7,3726196,123488,75000,503,3801196,123991,3,143887,774929,9961,1207258,8052,1982187,18013,54,6,6,17199,True
99,99.0,99.0,99.0,99.0,99.0,99.0,,,100,3792,7,15527675,468177,76096,502,15603771,468679,3,551059,1680089,20061,1656367,11062,3336456,31123,78,6,7,36911,True
100,100.0,100.0,100.0,100.0,100.0,100.0,,,101,3792,7,13208711,462138,74998,501,13283709,462639,2,542379,1549607,18862,1659509,11060,3209116,29922,81,6,7,36164,True
101,101.0,101.0,101.0,101.0,101.0,101.0,,,102,3792,7,9597421,458114,75949,501,9673370,458615,2,539439,1836961,21207,1655657,11059,3492618,32266,81,6,7,40336,True
102,102.0,102.0,102.0,102.0,102.0,102.0,,,103,558,7,1103801,34373,74998,501,1178799,34874,2,39899,769248,9777,1208109,8049,1977357,17826,67,6,6,21511,True
103,103.0,103.0,103.0,103.0,103.0,103.0,,,104,558,7,2567057,48088,76295,502,2643352,48590,3,55775,871340,10267,1211430,8048,2082770,18315,67,6,6,21563,True
104,104.0,104.0,104.0,104.0,104.0,104.0,,,105,558,7,2258561,38858,74526,501,2333087,39359,2,44799,971618,12240,1210305,8061,2181923,20301,67,6,6,23748,True
105,105.0,105.0,105.0,105.0,105.0,105.0,,,106,1896,7,10849737,144971,74886,501,10924623,145472,2,167699,1052610,12871,1657943,11053,2710553,23924,78,6,7,26729,True
106,106.0,106.0,106.0,106.0,106.0,106.0,,,107,1896,7,5849399,142508,75835,501,5925234,143009,2,164864,995765,12377,1656269,11051,2652034,23428,78,6,7,26056,True
107,107.0,107.0,107.0,107.0,107.0,107.0,,,108,1896,7,7352743,142782,75413,501,7428156,143283,2,165179,1136978,13588,1657820,11055,2794798,24643,78,6,7,28217,True
108,108.0,108.0,108.0,108.0,108.0,108.0,,,109,1830,7,1787165,36160,75780,505,1862945,36665,3,42055,815555,9637,833511,5557,1649066,15194,49,6,5,16972,True
109,109.0,109.0,109.0,109.0,109.0,109.0,,,110,1830,7,1900260,35540,74468,504,1974728,36044,3,41369,690108,8621,832404,5552,1522512,14173,50,6,5,15693,True
110,110.0,110.0,110.0,110.0,110.0,110.0,,,111,1830,7,1332776,26241,75644,501,1408420,26742,2,30393,676135,8657,830341,5545,1506476,14202,52,6,5,16629,True
111,111.0,111.0,111.0,111.0,111.0,111.0,,,112,2024,7,1604172,22643,74551,501,1678723,23144,2,26129,685881,8479,1216604,8049,1902485,16528,53,6,6,14309,True
112,112.0,112.0,112.0,112.0,112.0,112.0,,,113,2024,7,1165490,20459,76235,501,1241725,20960,2,23672,1000124,11401,1212411,8055,2212535,19456,55,6,6,19096,True
113,113.0,113.0,113.0,113.0,113.0,113.0,,,114,2024,7,862447,19394,75312,501,937759,19895,2,22398,410152,5794,1208735,8053,1618887,13847,51,6,6,9660,True
114,114.0,114.0,114.0,114.0,114.0,114.0,,,115,564,7,3019865,36953,74846,502,3094711,37455,3,42839,496078,6845,1210992,8050,1707070,14895,54,6,6,12963,True
115,115.0,115.0,115.0,115.0,115.0,115.0,,,116,564,7,880156,21570,76051,501,956207,22071,2,24905,795411,9744,1213675,8053,2009086,17797,58,6,6,18078,True
116,116.0,116.0,116.0,116.0,116.0,116.0,,,117,564,7,1342411,24172,75109,501,1417520,24673,2,27943,393661,5324,1207964,8049,1601625,13373,52,6,6,10308,True
117,117.0,117.0,117.0,117.0,117.0,117.0,,,118,6081,7,56717127,816373,74607,502,56791734,816875,3,971145,1492441,19798,1658590,11070,3151031,30868,77,6,7,36547,True
118,118.0,118.0,118.0,118.0,118.0,118.0,,,119,6081,7,77332099,862791,75947,506,77408046,863297,3,1018991,1630799,20434,1658955,11064,3289754,31498,78,6,7,37707,True
119,119.0,119.0,119.0,119.0,119.0,119.0,,,120,6081,7,53449073,813661,74356,502,53523429,814163,3,966679,1786504,20959,1660667,11053,3447171,32012,82,6,7,40294,True
120,120.0,120.0,120.0,120.0,120.0,,,,121,4800,8,4270725,144695,75027,502,4345752,145197,3,164465,1412255,17187,1654757,11069,3067012,28256,90,7,7,35478,True
121,121.0,121.0,121.0,121.0,121.0,,,,122,4800,8,2253575,122191,74729,501,2328304,122692,2,138545,1569927,18625,1666630,11068,3236557,29693,89,7,7,37588,True
122,122.0,122.0,122.0,122.0,122.0,,,,123,4800,8,6085579,163339,76439,515,6162018,163854,4,185201,1139020,14540,1667984,11066,2807004,25606,90,7,7,32484,True
123,123.0,123.0,123.0,123.0,123.0,,,,124,7120,8,9344950,247088,75100,502,9420050,247590,3,282282,1296164,15308,1209213,8063,2505377,23371,77,7,6,31319,True
124,124.0,124.0,124.0,124.0,124.0,,,,125,7120,8,6317310,231290,75047,501,6392357,231791,2,264498,983495,13046,1209235,8059,2192730,21105,75,7,6,26049,True
125,125.0,125.0,125.0,125.0,125.0,,,,126,7120,8,7273623,257194,75961,502,7349584,257696,3,292819,1503151,17209,1209814,8068,2712965,25277,75,7,6,31823,True
126,126.0,126.0,126.0,126.0,126.0,,,,127,1152,8,616575,13971,76064,501,692639,14472,2,15820,421462,5730,833701,5562,1255163,11292,50,7,5,9712,True
127,127.0,127.0,127.0,127.0,127.0,,,,128,1152,8,622637,13692,75806,501,698443,14193,2,15508,388599,4963,833469,5547,1222068,10510,51,7,5,9912,True
128,128.0,128.0,128.0,128.0,128.0,,,,129,1152,8,1744911,20335,74193,501,1819104,20836,2,22996,394275,5491,835397,5550,1229672,11041,52,7,5,10729,True
129,129.0,129.0,129.0,129.0,129.0,,,,130,2616,8,4182170,120976,75735,503,4257905,121479,3,137104,1166237,14944,1659298,11067,2825535,26011,78,7,7,26330,True
130,130.0,130.0,130.0,130.0,130.0,,,,131,2616,8,3406264,113412,74603,502,3480867,113914,3,128672,1356173,16172,1664312,11075,3020485,27247,80,7,7,29132,True
131,131.0,131.0,131.0,131.0,131.0,,,,132,2616,8,2571788,107896,74973,502,2646761,108398,3,122280,1223101,14630,1658282,11057,2881383,25687,75,7,7,24632,True
132,132.0,132.0,132.0,132.0,132.0,,,,133,5120,8,2169484,46183,75948,501,2245432,46684,2,52574,393681,5230,837131,5555,1230812,10785,49,7,5,9626,True
133,133.0,133.0,133.0,133.0,133.0,,,,134,5120,8,1984643,44741,75216,501,2059859,45242,2,51014,359464,5082,831297,5552,1190761,10634,50,7,5,9659,True
134,134.0,134.0,134.0,134.0,134.0,,,,135,5120,8,2699982,47668,75487,501,2775469,48169,2,54374,533720,6976,835263,5554,1368983,12530,53,7,5,13490,True
135,135.0,135.0,135.0,135.0,135.0,,,,136,9000,8,7176005,174007,74838,502,7250843,174509,3,197297,1190976,14847,1210939,8073,2401915,22920,73,7,6,27988,True
136,136.0,136.0,136.0,136.0,136.0,,,,137,9000,8,7145049,155783,76842,501,7221891,156284,2,177137,1290517,15422,1209433,8065,2499950,23487,74,7,6,29120,True
137,137.0,137.0,137.0,137.0,137.0,,,,138,9000,8,4691942,170056,74508,502,4766450,170558,3,193985,1164230,14514,1215991,8065,2380221,22579,75,7,6,27895,True
138,138.0,138.0,138.0,138.0,138.0,,,,139,1024,8,1415149,16161,74527,501,1489676,16662,2,18251,312269,3767,535696,3548,847965,7315,37,7,4,6330,True
139,139.0,139.0,139.0,139.0,139.0,,,,140,1024,8,1325986,15566,76446,501,1402432,16067,2,17579,195047,2875,534808,3554,729855,6429,37,7,4,4878,True
140,140.0,140.0,140.0,140.0,140.0,,,,141,1024,8,953184,13186,75754,501,1028938,13687,2,14891,146500,2298,535589,3551,682089,5849,36,7,4,3840,True
141,141.0,141.0,141.0,141.0,141.0,,,,142,608,8,1699969,25899,75319,501,1775288,26400,2,29357,389937,5298,1214708,8061,1604645,13359,55,7,6,9184,True
142,142.0,142.0,142.0,142.0,142.0,,,,143,608,8,641267,18169,75373,501,716640,18670,2,20621,434204,5733,1205579,8047,1639783,13780,55,7,6,9943,True
143,143.0,143.0,143.0,143.0,143.0,,,,144,608,8,1610136,25109,74943,501,1685079,25610,2,28461,357045,4576,1203271,8049,1560316,12625,54,7,6,7930,True
144,144.0,144.0,144.0,144.0,144.0,,,,145,1928,8,2843541,43050,74882,502,2918423,43552,3,48734,560459,7186,1209702,8065,1770161,15251,59,7,6,13166,True
145,145.0,145.0,145.0,145.0,145.0,,,,146,1928,8,2831798,33148,75443,501,2907241,33649,2,37647,532538,6638,1208538,8054,1741076,14692,58,7,6,12389,True
146,146.0,146.0,146.0,146.0,146.0,,,,147,1928,8,2754499,32484,75286,501,2829785,32985,2,36974,717440,8641,1208224,8054,1925664,16695,61,7,6,16268,True
147,147.0,147.0,147.0,147.0,147.0,,,,148,840,8,5253967,86279,75515,503,5329482,86782,3,98191,1020667,12747,1662435,11072,2683102,23819,80,7,7,25456,True
148,148.0,148.0,148.0,148.0,148.0,,,,149,840,8,4808339,75270,75284,501,4883623,75771,2,85391,1022981,13499,1657847,11059,2680828,24558,80,7,7,25265,True
149,149.0,149.0,149.0,149.0,149.0,,,,150,840,8,4275946,71200,74583,501,4350529,71701,2,80783,965414,11903,1664695,11069,2630109,22972,77,7,7,23126,True
150,150.0,150.0,150.0,150.0,,,,,151,10032,9,13552786,307356,75874,501,13628660,307857,2,347148,1530586,18695,2182915,14575,3713501,33270,105,8,8,35645,True
151,151.0,151.0,151.0,151.0,,,,,152,10032,9,17596571,330408,74589,502,17671160,330910,3,373482,1942980,23025,2190307,14573,4133287,37598,106,8,8,42059,True
152,152.0,152.0,152.0,152.0,,,,,153,10032,9,24930719,335151,74896,502,25005615,335653,3,377244,1329714,16416,2185541,14575,3515255,30991,105,8,8,33584,True
153,153.0,153.0,153.0,153.0,,,,,154,6480,9,3449339,65463,75155,501,3524494,65964,2,73167,633357,8386,1213622,8059,1846979,16445,71,8,6,16016,True
154,154.0,154.0,154.0,154.0,,,,,155,6480,9,3215351,58106,74820,501,3290171,58607,2,64959,745972,9013,1213320,8062,1959292,17075,72,8,6,17374,True
155,155.0,155.0,155.0,155.0,,,,,156,6480,9,2679715,61141,75153,501,2754868,61642,2,68559,676485,8283,1209819,8056,1886304,16339,72,8,6,16382,True
156,156.0,156.0,156.0,156.0,,,,,157,5400,9,15387888,689768,75345,506,15463233,690274,3,774135,1861964,22304,2194196,14580,4056160,36884,111,8,8,44317,True
157,157.0,157.0,157.0,157.0,,,,,158,5400,9,12942392,684478,76317,502,13018709,684980,3,766611,1820211,22391,2193693,14583,4013904,36974,110,8,8,43519,True
158,158.0,158.0,158.0,158.0,,,,,159,5400,9,14517954,668363,75462,501,14593416,668864,2,750879,1746819,21729,2188579,14577,3935398,36306,105,8,8,39256,True
159,159.0,159.0,159.0,159.0,,,,,160,6816,9,18708044,582013,75715,503,18783759,582516,3,659757,1538104,18621,1667965,11085,3206069,29706,88,8,7,31979,True
160,160.0,160.0,160.0,160.0,,,,,161,6816,9,18584917,523375,74512,501,18659429,523876,2,591590,1823164,21931,1666534,11089,3489698,33020,95,8,7,40004,True
161,161.0,161.0,161.0,161.0,,,,,162,6816,9,18026703,576345,76280,502,18102983,576847,3,648669,1411374,17627,1665669,11082,3077043,28709,90,8,7,31218,True
162,162.0,162.0,162.0,162.0,,,,,163,7200,9,5731950,203577,73989,501,5805939,204078,2,227247,1564575,18940,2181934,14577,3746509,33517,104,8,8,34110,True
163,163.0,163.0,163.0,163.0,,,,,164,7200,9,4852083,203061,75233,501,4927316,203562,2,226671,1469754,18233,2193218,14573,3662972,32806,105,8,8,33092,True
164,164.0,164.0,164.0,164.0,,,,,165,7200,9,5122962,203319,75560,501,5198522,203820,2,226959,1196035,15871,2193527,14576,3389562,30447,109,8,8,32204,True
165,165.0,165.0,165.0,165.0,,,,,166,21792,9,16330774,420487,76048,505,16406822,420992,4,475398,1144647,14950,1662200,11075,2806847,26025,90,8,7,29185,True
166,166.0,166.0,166.0,166.0,,,,,167,21792,9,17439606,401302,74711,503,17514317,401805,3,453681,1238643,14687,1663679,11069,2902322,25756,89,8,7,28881,True
167,167.0,167.0,167.0,167.0,,,,,168,21792,9,17238742,424085,75971,506,17314713,424591,4,476766,1272715,15880,1661203,11075,2933918,26955,87,8,7,29090,True
168,168.0,168.0,168.0,168.0,,,,,169,3888,9,14227754,310610,74771,502,14302525,311112,3,349371,1099001,13410,1215416,8066,2314417,21476,73,8,6,23502,True
169,169.0,169.0,169.0,169.0,,,,,170,3888,9,11314095,287346,74727,501,11388822,287847,2,324405,1030479,13153,1207855,8064,2238334,21217,74,8,6,24004,True
170,170.0,170.0,170.0,170.0,,,,,171,3888,9,10386414,304007,75218,502,10461632,304509,3,343044,994596,12674,1209744,8066,2204340,20740,73,8,6,22326,True
171,171.0,171.0,171.0,171.0,,,,,172,2952,9,2572516,33402,75574,502,2648090,33904,3,37218,253298,3023,532175,3550,785473,6573,42,8,4,5844,True
172,172.0,172.0,172.0,172.0,,,,,173,2952,9,1573966,26472,74343,503,1648309,26975,3,29496,216999,2777,535308,3549,752307,6326,42,8,4,5306,True
173,173.0,173.0,173.0,173.0,,,,,174,2952,9,3750126,40122,75689,503,3825815,40625,3,44706,485381,5141,532332,3564,1017713,8705,44,8,4,9080,True
174,174.0,174.0,174.0,174.0,,,,,175,28800,9,9351323,418592,75962,503,9427285,419095,3,474499,1428444,17251,1658936,11069,3087380,28320,89,8,7,32211,True
175,175.0,175.0,175.0,175.0,,,,,176,28800,9,9312077,415361,76654,515,9388731,415876,3,469819,1135985,14796,1661510,11081,2797495,25877,86,8,7,26158,True
176,176.0,176.0,176.0,176.0,,,,,177,28800,9,10278809,426108,76180,502,10354989,426610,3,482779,1193512,15416,1658283,11067,2851795,26483,87,8,7,28008,True
177,177.0,177.0,177.0,177.0,,,,,178,7488,9,6950152,187566,76721,515,7026873,188081,3,212058,1422440,16761,1658798,11076,3081238,27837,82,8,7,29033,True
178,178.0,178.0,178.0,178.0,,,,,179,7488,9,4661130,153908,74227,501,4735357,154409,2,172709,1441854,17440,1665027,11076,3106881,28516,86,8,7,31372,True
179,179.0,179.0,179.0,179.0,,,,,180,7488,9,9851516,181790,83000,555,9934516,182345,3,204021,1560334,18173,1657179,11076,3217513,29249,86,8,7,32618,True
180,180.0,180.0,180.0,,,,,,181,6408,10,5415050,125903,76317,501,5491367,126404,2,139157,973261,11665,1661714,11081,2634975,22746,96,9,7,24200,True
181,181.0,181.0,181.0,,,,,,182,6408,10,5795500,147398,77397,517,5872897,147915,3,163457,870810,10259,1660185,11070,2530995,21329,92,9,7,21775,True
182,182.0,182.0,182.0,,,,,,183,6408,10,10306564,154314,76472,507,10383036,154821,3,170837,891617,10634,1664877,11076,2556494,21710,92,9,7,22688,True
183,183.0,183.0,183.0,,,,,,184,12288,10,8211278,131238,76400,504,8287678,131742,3,145748,1148863,14257,2184526,14579,3333389,28836,97,9,8,24390,True
184,184.0,184.0,184.0,,,,,,185,12288,10,6717970,129144,74717,502,6792687,129646,3,143468,1319233,16054,2185547,14576,3504780,30630,98,9,8,27830,True
185,185.0,185.0,185.0,,,,,,186,12288,10,8648614,131197,77299,508,8725913,131705,3,145938,1258580,16146,2190488,14578,3449068,30724,99,9,8,27772,True
186,186.0,186.0,186.0,,,,,,187,6000,10,4049369,71910,76676,509,4126045,72419,3,79406,824659,9734,838719,5566,1663378,15300,69,9,5,19188,True
187,187.0,187.0,187.0,,,,,,188,6000,10,4107288,72242,76505,503,4183793,72745,3,79746,712090,9005,829138,5568,1541228,14573,69,9,5,17996,True
188,188.0,188.0,188.0,,,,,,189,6000,10,2745796,51914,76941,501,2822737,52415,2,57306,808492,9365,837146,5562,1645638,14927,67,9,5,17589,True
189,189.0,189.0,189.0,,,,,,190,18864,10,19244014,324061,74980,504,19318994,324565,3,357857,1345888,16817,2193689,14577,3539577,31394,111,9,8,31319,True
190,190.0,190.0,190.0,,,,,,191,18864,10,18779089,324876,76649,513,18855738,325389,3,358757,1007655,12772,2192825,14573,3200480,27345,109,9,8,25953,True
191,191.0,191.0,191.0,,,,,,192,18864,10,15913877,308576,75762,501,15989639,309077,2,340757,1175636,14598,2193148,14586,3368784,29184,112,9,8,29519,True
192,192.0,192.0,192.0,,,,,,193,16968,10,6238323,124026,76859,506,6315182,124532,4,136997,1365495,14930,1212457,8071,2577952,23001,83,9,6,27966,True
193,193.0,193.0,193.0,,,,,,194,16968,10,9975951,153858,77375,514,10053326,154372,5,169937,1010721,12312,1216898,8072,2227619,20384,83,9,6,24001,True
194,194.0,194.0,194.0,,,,,,195,16968,10,8744904,134686,76109,504,8821013,135190,4,149237,1434811,16172,1211193,8081,2646004,24253,87,9,6,31113,True
195,195.0,195.0,195.0,,,,,,196,6760,10,4450321,73922,77490,505,4527811,74427,3,81786,551528,6806,1213341,8071,1764869,14877,77,9,6,16832,True
196,196.0,196.0,196.0,,,,,,197,6760,10,4928904,84464,76348,510,5005252,84974,3,93617,801582,9825,1211647,8060,2013229,17885,77,9,6,19895,True
197,197.0,197.0,197.0,,,,,,198,6760,10,1616026,47843,75771,501,1691797,48344,2,52886,633639,8520,1211728,8071,1845367,16591,76,9,6,18205,True
198,198.0,198.0,198.0,,,,,,199,912,10,2129079,41009,75793,501,2204872,41510,2,45295,888170,10696,1662060,11069,2550230,21765,84,9,7,18171,True
199,199.0,199.0,199.0,,,,,,200,912,10,4029084,49054,74647,501,4103731,49555,2,54255,556137,7003,1660372,11068,2216509,18071,82,9,7,12728,True
200,200.0,200.0,200.0,,,,,,201,912,10,2376126,41525,75553,501,2451679,42026,2,45935,499354,6642,1659034,11062,2158388,17704,83,9,7,12742,True
201,201.0,201.0,201.0,,,,,,202,8768,10,22559224,402758,74641,502,22633865,403260,3,446419,1696344,19749,2785413,18583,4481757,38332,118,9,9,35872,True
202,202.0,202.0,202.0,,,,,,203,8768,10,20345022,399816,75106,502,20420128,400318,3,443619,1288144,15205,2784946,18563,4073090,33768,121,9,9,32432,True
203,203.0,203.0,203.0,,,,,,204,8768,10,18118931,388622,75777,502,18194708,389124,3,431219,1566095,20173,2787527,18594,4353622,38767,119,9,9,36553,True
204,204.0,204.0,204.0,,,,,,205,22032,10,78068429,1594518,75908,503,78144337,1595021,3,1789703,1717077,20254,1661621,11081,3378698,31335,95,9,7,35664,True
205,205.0,205.0,205.0,,,,,,206,22032,10,58751210,1587830,75001,502,58826211,1588332,3,1787783,1749197,20349,1663592,11078,3412789,31427,93,9,7,34800,True
206,206.0,206.0,206.0,,,,,,207,22032,10,40357614,1562001,76935,503,40434549,1562504,4,1748942,1490870,19172,1659477,11082,3150347,30254,96,9,7,34203,True
207,207.0,207.0,207.0,,,,,,208,8928,10,2805169,29118,74485,501,2879654,29619,2,32114,531428,6015,535438,3561,1066866,9576,50,9,4,10633,True
208,208.0,208.0,208.0,,,,,,209,8928,10,2197520,25718,75010,501,2272530,26219,2,28364,370028,4926,536227,3573,906255,8499,50,9,4,9106,True
209,209.0,209.0,209.0,,,,,,210,8928,10,1924263,24494,75188,501,1999451,24995,2,27014,389778,5154,534071,3554,923849,8708,50,9,4,9376,True
210,210.0,210.0,,,,,,,211,12216,8,70667086,893528,76692,502,70743778,894030,3,1020979,1629139,19770,1663114,11080,3292253,30850,90,7,7,37426,True
211,211.0,211.0,,,,,,,212,12216,8,58531080,937020,75027,502,58606107,937522,3,1073204,1559841,18881,1663921,11069,3223762,29950,90,7,7,36412,True
212,212.0,212.0,,,,,,,213,12216,8,72591258,984587,75039,502,72666297,985089,3,1133109,1466137,18357,1663042,11073,3129179,29430,96,7,7,37025,True
213,213.0,213.0,,,,,,,214,20800,10,21901138,407201,75605,502,21976743,407703,3,454042,1580677,19053,2185664,14584,3766341,33637,110,9,8,35254,True
214,214.0,214.0,,,,,,,215,20800,10,25581975,430532,75475,505,25657450,431037,4,479572,1855403,22143,2188953,14582,4044356,36725,114,9,8,41401,True
215,215.0,215.0,,,,,,,216,20800,10,34870869,458966,77170,513,34948039,459479,5,511082,1726502,21204,2190968,14580,3917470,35784,114,9,8,39791,True
216,216.0,216.0,,,,,,,217,19536,9,8264492,196244,75701,502,8340193,196746,3,220661,1043142,13312,1664423,11066,2707565,24378,85,8,7,24389,True
217,217.0,217.0,,,,,,,218,19536,9,7503319,169894,75337,501,7578656,170395,2,190529,947021,12107,1659526,11063,2606547,23170,87,8,7,23370,True
218,218.0,218.0,,,,,,,219,19536,9,8177762,174683,75294,501,8253056,175184,2,195875,942519,12086,1657779,11068,2600298,23154,88,8,7,24397,True
219,219.0,219.0,,,,,,,220,16960,10,21863315,531612,75263,501,21938578,532113,2,589419,1638056,19167,1665402,11091,3303458,30258,98,9,7,34478,True
220,220.0,220.0,,,,,,,221,16960,10,19992711,550623,75666,502,20068377,551125,3,611219,1311681,16847,1664395,11079,2976076,27926,98,9,7,30541,True
221,221.0,221.0,,,,,,,222,16960,10,24572230,576267,75494,502,24647724,576769,3,639260,1426083,17879,1666553,11085,3092636,28964,95,9,7,31436,True
222,222.0,222.0,,,,,,,223,14416,9,8105072,320718,76815,502,8181887,321220,3,359260,1211390,15258,2191928,14580,3403318,29838,93,8,8,25758,True
223,223.0,223.0,,,,,,,224,14416,9,10263051,330260,74656,503,10337707,330763,3,370429,1052821,13588,2190842,14576,3243663,28164,92,8,8,23264,True
224,224.0,224.0,,,,,,,225,14416,9,10305459,310272,75186,501,10380645,310773,2,347938,1614131,19961,2196230,14600,3810361,34561,102,8,8,34413,True
225,225.0,225.0,,,,,,,226,12090,8,21514178,256143,75101,501,21589279,256644,2,291617,1287384,15570,1659135,11064,2946519,26634,80,7,7,28764,True
226,226.0,226.0,,,,,,,227,12090,8,16469751,282222,73841,502,16543592,282724,3,320130,1262572,15058,1659057,11063,2921629,26121,82,7,7,29573,True
227,227.0,227.0,,,,,,,228,12090,8,14013627,272038,75747,501,14089374,272539,2,308578,1220921,15264,1664326,11071,2885247,26335,81,7,7,29681,True
228,228.0,228.0,,,,,,,229,15264,9,39982127,1354234,75158,501,40057285,1354735,2,1528581,1546621,20456,2194009,14616,3740630,35072,103,8,8,36305,True
229,229.0,229.0,,,,,,,230,15264,9,29871500,1371168,75970,514,29947470,1371682,3,1550559,1366284,17951,2187789,14599,3554073,32550,103,8,8,33915,True
230,230.0,230.0,,,,,,,231,15264,9,28861471,1380641,75439,503,28936910,1381144,4,1560261,1564475,19170,2198604,14627,3763079,33797,102,8,8,35699,True
231,231.0,231.0,,,,,,,232,21648,10,72845486,1101081,75032,502,72920518,1101583,3,1234221,1499487,19040,2189392,14591,3688879,33631,110,9,8,34416,True
232,232.0,232.0,,,,,,,233,21648,10,41096170,1107105,74753,502,41170923,1107607,3,1235981,1659044,21004,2187993,14584,3847037,35588,110,9,8,37420,True
233,233.0,233.0,,,,,,,234,21648,10,70923953,1099662,75063,502,70999016,1100164,3,1231801,1702849,20232,2186477,14582,3889326,34814,105,9,8,35479,True
234,234.0,234.0,,,,,,,235,15528,10,13954489,292017,76832,511,14031321,292528,4,325419,1830589,22567,1671551,11146,3502140,33713,97,9,7,38321,True
235,235.0,235.0,,,,,,,236,15528,10,11670343,274610,76817,520,11747160,275130,4,307619,1596140,19895,1702641,11316,3298781,31211,95,9,7,33235,True
236,236.0,236.0,,,,,,,237,15528,10,17248082,430398,82298,548,17330380,430946,4,481760,1283178,17767,1671961,11132,2955139,28899,94,9,7,29853,True
237,237.0,237.0,,,,,,,238,15120,9,15688344,1039176,74931,502,15763275,1039678,3,1164186,1422510,17311,2186636,14576,3609146,31887,108,8,8,36671,True
238,238.0,238.0,,,,,,,239,15120,9,18384467,988497,79508,524,18463975,989021,3,1106315,1773564,22730,2190589,14613,3964153,37343,109,8,8,41930,True
239,239.0,239.0,,,,,,,240,15120,9,18024158,1064819,75751,505,18099909,1065324,4,1193769,2120182,25221,2187683,14622,4307865,39843,112,8,8,47869,True
240,240.0,,,,,,,,241,28800,9,18688234,576227,74802,502,18763036,576729,3,647723,1267560,15370,1657707,11062,2925267,26432,98,8,7,34379,True
241,241.0,,,,,,,,242,28800,9,13343060,549297,75117,501,13418177,549798,2,616727,1049749,13700,1660829,11070,2710578,24770,93,8,7,28729,True
242,242.0,,,,,,,,243,28800,9,16288826,565086,75505,502,16364331,565588,3,634115,1361606,17064,1663183,11083,3024789,28147,93,8,7,33431,True
243,243.0,,,,,,,,244,24320,10,45309647,707090,75309,502,45384956,707592,3,784790,982198,13568,2186184,14583,3168382,28151,107,9,8,28858,True
244,244.0,,,,,,,,245,24320,10,32258625,678294,75119,502,32333744,678796,3,752419,1232831,15089,2186290,14581,3419121,29670,106,9,8,30273,True
245,245.0,,,,,,,,246,24320,10,40784611,693274,74749,501,40859360,693775,2,769250,1251031,16406,2193962,14589,3444993,30995,109,9,8,33364,True
246,246.0,,,,,,,,247,29232,10,4636323,85607,75196,501,4711519,86108,2,95588,1284120,15517,2188959,14578,3473079,30095,96,9,8,27326,True
247,247.0,,,,,,,,248,29232,10,4331386,82746,75384,501,4406770,83247,2,92738,772005,10167,2185590,14573,2957595,24740,92,9,8,17695,True
248,248.0,,,,,,,,249,29232,10,5599802,89383,74654,501,5674456,89884,2,99578,982009,13393,2188802,14569,3170811,27962,96,9,8,23334,True
249,249.0,,,,,,,,250,23904,10,89377639,1376360,74825,501,89452464,1376861,2,1530080,1481985,19414,2186816,14580,3668801,33994,122,9,8,41032,True
250,250.0,,,,,,,,251,23904,10,66576697,1395906,77006,502,66653703,1396408,3,1556330,1716391,21176,2189493,14585,3905884,35761,124,9,8,44341,True
251,251.0,,,,,,,,252,23904,10,75657701,1490477,75273,504,75732974,1490981,4,1655741,1612498,19419,2185052,14574,3797550,33993,123,9,8,41453,True
252,252.0,,,,,,,,253,23364,9,10741948,178793,76003,502,10817951,179295,3,200601,982337,13124,1213192,8070,2195529,21194,78,8,6,25407,True
253,253.0,,,,,,,,254,23364,9,9285357,170760,74941,501,9360298,171261,2,192619,1134210,14069,1215689,8072,2349899,22141,75,8,6,25628,True
254,254.0,,,,,,,,255,23364,9,6930300,161581,74908,501,7005208,162082,2,181620,994573,13094,1209418,8061,2203991,21155,77,8,6,25069,True
255,255.0,,,,,,,,256,24120,10,25895726,1252726,75376,503,25971102,1253229,4,1391060,2246968,27381,2789711,18599,5036679,45980,137,9,9,52786,True
256,256.0,,,,,,,,257,24120,10,32672199,1276316,76165,509,32748364,1276825,5,1417730,2271249,26805,2787815,18607,5059064,45412,142,9,9,54039,True
257,257.0,,,,,,,,258,24120,10,27686738,1246120,75824,503,27762562,1246623,4,1381190,2015913,24708,2787793,18596,4803706,43304,140,9,9,49576,True
258,258.0,,,,,,,,259,23280,10,82524043,1266914,77160,511,82601203,1267425,4,1406012,1534869,18656,2186655,14577,3721524,33233,102,9,8,31713,True
259,259.0,,,,,,,,260,23280,10,102821989,1202976,74079,502,102896068,1203478,3,1329921,1369418,17708,2189969,14578,3559387,32286,104,9,8,29717,True
260,260.0,,,,,,,,261,23280,10,86728090,1198996,75936,502,86804026,1199498,3,1325521,1680583,21038,2187439,14596,3868022,35634,105,9,8,35858,True
261,261.0,,,,,,,,262,22500,9,4835821,73832,74504,501,4910325,74333,2,82799,649239,8977,834648,5573,1483887,14550,65,8,5,19412,True
262,262.0,,,,,,,,263,22500,9,4877836,75508,75217,501,4953053,76009,2,84663,975516,10891,838206,5561,1813722,16452,63,8,5,20499,True
263,263.0,,,,,,,,264,22500,9,7435263,96897,74316,502,7509579,97399,3,109043,752092,9703,838419,5570,1590511,15273,65,8,5,20041,True
264,264.0,,,,,,,,265,26082,10,2508284,42548,75395,501,2583679,43049,2,46964,450754,5385,1666137,11074,2116891,16459,77,9,7,8959,True
265,265.0,,,,,,,,266,26082,10,2970939,44318,75584,501,3046523,44819,2,48914,485363,6260,1667746,11073,2153109,17333,79,9,7,10402,True
266,266.0,,,,,,,,267,26082,10,2620122,44180,74975,501,2695097,44681,2,48764,410142,5204,1662848,11060,2072990,16264,77,9,7,8853,True
267,267.0,,,,,,,,268,26176,10,56560930,1559636,74945,502,56635875,1560138,3,1731421,2375803,27580,2190834,14604,4566637,42184,117,9,8,50172,True
268,268.0,,,,,,,,269,26176,10,103414194,1668567,77276,516,103491470,1669083,4,1851982,1650593,20501,2190634,14585,3841227,35086,117,9,8,40403,True
269,269.0,,,,,,,,270,26176,10,55164689,1557254,75628,502,55240317,1557756,3,1729221,1747262,21198,2195997,14600,3943259,35798,112,9,8,39133,True
270,,,,,,,,,271,29312,9,3543734,38617,75708,501,3619442,39118,2,43215,487305,5893,534155,3557,1021460,9450,48,8,4,11526,True
271,,,,,,,,,272,29312,9,3650301,40713,74724,501,3725025,41214,2,45519,378859,5065,538623,3562,917482,8627,50,8,4,11522,True
272,,,,,,,,,273,29312,9,4994700,61641,76557,502,5071257,62143,3,69478,407602,5440,537530,3563,945132,9003,48,8,4,10668,True
